-0.07231,-0.00626,-0.03719,0.00862
-0.06940,-0.02101,-0.04498,-0.00101
0.07662,0.02397,-0.00761,0.00585
0.05630,-0.01701,-0.04239,-0.05533
-0.02984,0.05276,-0.07730,-0.05087
-0.05452,-0.01595,-0.00860,0.05205
-0.03326,-0.01502,0.04663,0.03389
0.05028,0.04051,-0.00759,0.10198
-0.02136,-0.07698,-0.06083,0.02441
-0.00410,0.06270,0.01745,-0.09358
-0.07265,-0.00909,0.00303,-0.04922
-0.01649,-0.01888,0.04387,-0.11443
-0.01187,-0.02251,0.03937,-0.13489
0.03460,-0.00379,-0.02094,-0.10847
-0.04778,-0.02908,0.04025,-0.05955
-0.08705,-0.02407,0.00194,-0.02281
-0.07205,-0.04381,-0.00717,-0.03814
0.06248,-0.00617,0.05400,0.02861
0.04039,0.02382,0.05229,0.01352
-0.07066,0.01830,-0.00347,-0.05469
-0.06374,0.03678,0.03721,-0.05566
-0.00631,-0.08491,-0.10481,0.00184
-0.01673,-0.08010,-0.08388,0.02007
-0.03083,-0.05146,-0.05360,-0.02371
0.03031,-0.03004,-0.07826,-0.01693
0.01156,-0.05232,-0.07298,-0.05015
0.06264,-0.02362,0.03384,-0.07788
0.05968,-0.02510,0.01393,-0.07245
-0.06686,-0.04225,0.01054,-0.09700
-0.05788,-0.02255,-0.01120,-0.10478
0.01573,-0.01135,0.07038,-0.13973
0.00793,0.02778,0.05313,-0.15587
0.01241,0.11346,0.02790,-0.06952
-0.05394,0.01201,-0.10228,-0.02709
-0.02147,-0.06138,0.06538,0.00613
-0.06975,0.06096,-0.05511,-0.01551
-0.06880,0.07760,-0.02225,0.01097
-0.05547,0.05262,-0.04442,0.03668
0.03356,0.08816,0.05895,0.00497
0.06356,0.02740,0.05039,0.04749
-0.07710,-0.00850,-0.02276,-0.00351
-0.08707,-0.01913,-0.01919,0.01520
-0.08810,-0.05637,0.01918,0.00600
-0.07059,-0.06728,0.05457,0.00152
-0.04591,-0.05978,0.07158,-0.00489
-0.01717,0.01520,0.03003,-0.12806
0.00955,0.11438,-0.02344,-0.01052
-0.05684,0.01225,-0.02694,-0.00657
-0.01771,0.03413,0.09816,0.05022
0.05520,0.03619,-0.05213,0.04246
0.00714,0.08898,-0.03277,0.06972
0.00157,0.08333,-0.07470,0.06683
-0.07179,-0.02746,-0.02417,0.04089
-0.08350,-0.02942,-0.00862,0.01315
-0.07213,0.00298,0.07334,0.02242
-0.05116,0.02389,0.10117,0.02953
-0.01093,-0.04391,0.07450,0.00862
-0.06343,-0.01137,-0.03546,-0.02999
-0.05622,0.05241,-0.02525,0.00199
0.01309,0.05214,-0.10829,-0.02971
0.03261,0.07218,-0.03708,-0.01110
0.05713,0.08073,-0.00946,-0.00168
-0.01590,0.11345,0.00869,-0.02485
-0.07478,0.01466,-0.06739,-0.03315
-0.08813,-0.00002,-0.02517,-0.02017
-0.08887,-0.01226,-0.00341,-0.00592
-0.07481,-0.03642,-0.02720,-0.02036
-0.08377,0.00157,0.00967,-0.07039
-0.00314,0.02701,-0.00123,-0.13563
-0.08046,-0.06794,0.03736,-0.01546
-0.02161,-0.11419,0.04277,-0.01376
-0.04538,-0.04969,-0.10016,-0.05198
-0.05051,-0.01747,0.07158,-0.01644
-0.07887,0.05076,0.00604,-0.00113
-0.07545,0.05896,-0.00111,0.01069
-0.07128,0.05825,0.02173,0.01493
-0.03251,-0.06566,0.04854,0.08849
0.04877,-0.01395,-0.03538,-0.08674
-0.07434,-0.05319,0.01489,-0.01887
-0.06341,-0.04660,0.01350,-0.01895
-0.04376,-0.04540,0.06456,0.02355
-0.00621,-0.01618,0.04762,0.06612
-0.05215,-0.09012,-0.06879,-0.00114
-0.05197,-0.07416,-0.04536,-0.01204
-0.02840,-0.08446,-0.02272,-0.01726
-0.03115,0.05583,0.00308,0.03318
-0.01347,0.04055,0.10692,-0.01997
-0.03768,0.00538,0.09844,-0.07591
-0.01047,-0.01858,0.09108,-0.06767
0.03981,-0.04201,0.02914,-0.04828
0.02987,-0.07538,-0.04555,-0.03711
0.01052,-0.04655,-0.06311,-0.02406
-0.06968,0.02232,-0.01780,-0.06869
-0.09188,0.02121,-0.00343,-0.03560
-0.09256,0.00155,0.04022,0.00158
-0.08042,0.01692,0.06786,0.02704
-0.03379,0.04340,0.06557,-0.00391
-0.03060,0.03753,0.08159,0.01306
-0.02359,0.00764,0.08774,-0.00864
-0.07737,0.03174,0.00443,-0.06839
-0.07593,0.04309,0.00252,-0.05506
-0.05245,0.09568,-0.02454,-0.01302
-0.02582,0.10710,-0.03509,0.01042
-0.02000,0.08353,-0.03515,-0.02738
-0.05003,0.06399,-0.01400,-0.02274
-0.06629,0.04028,-0.00452,-0.02181
-0.07694,0.00826,0.00803,-0.03182
-0.07993,-0.00604,0.00187,-0.02130
-0.08710,0.00968,0.01546,0.00045
-0.07725,0.00082,0.07366,0.01303
-0.05159,-0.01375,0.09478,-0.00465
0.00298,0.01395,-0.09068,-0.09011
-0.06371,0.02156,-0.08274,-0.08474
-0.08494,-0.06033,-0.01321,0.00775
-0.05481,-0.08735,0.03675,0.05034
-0.02204,-0.09205,0.00657,0.06935
-0.05598,-0.05633,-0.02083,0.02733
-0.06172,0.05647,-0.01956,0.00422
-0.06236,-0.03224,0.08787,0.01787
-0.06134,-0.04928,0.08495,-0.00869
-0.06029,-0.04778,0.07805,-0.03246
-0.04196,-0.04463,0.07239,-0.05156
-0.02390,-0.04348,0.08081,-0.06193
-0.03160,-0.04470,0.06761,-0.08109
-0.04882,-0.01354,0.03390,-0.08804
-0.05961,0.04212,-0.03064,-0.06787
-0.02793,0.07355,-0.06947,-0.05521
-0.06768,-0.02657,0.00368,-0.03257
-0.07569,0.01733,-0.06176,-0.00100
-0.08598,-0.01552,0.00030,-0.02648
-0.07660,0.03012,-0.02503,0.02206
-0.04594,0.06954,0.00391,-0.07789
-0.06198,0.06709,0.04489,-0.03255
-0.05200,0.07836,0.05275,-0.02469
-0.02744,-0.02751,0.00513,-0.09934
0.00448,-0.05561,-0.05190,-0.10319
0.01140,-0.04731,-0.07952,-0.11176
-0.02301,-0.00853,-0.09309,-0.10281
-0.05935,-0.00719,-0.07728,-0.07572
-0.03942,-0.09563,-0.02823,-0.02983
-0.02169,-0.11098,-0.01605,-0.01742
-0.03040,-0.09343,0.00016,-0.01868
-0.06853,-0.06442,0.00556,0.04105
-0.06356,-0.07314,0.01760,0.06814
-0.07056,-0.04164,0.00750,0.09034
-0.08129,-0.00495,0.00763,0.07915
-0.01369,0.04590,-0.00614,-0.13702
-0.00833,0.03598,-0.01674,-0.12860
0.04814,0.08336,-0.00481,-0.05350
0.08151,0.03352,0.04754,-0.02850
-0.06204,-0.02455,0.05809,-0.02469
0.02438,0.02989,-0.09929,0.04253
0.07755,-0.01939,0.04088,0.03037
0.05885,-0.05961,0.00952,-0.01161
0.04728,-0.03090,-0.07788,-0.03523
0.04900,0.04024,-0.02001,-0.01894
-0.04951,0.01893,-0.02024,0.05360
-0.03006,0.02084,0.02072,0.02490
0.04961,-0.05087,0.02174,-0.04686
-0.09245,0.02314,-0.02034,-0.03312
-0.09374,0.01573,0.01388,-0.03492
0.06535,-0.02586,0.01896,-0.03865
0.06442,-0.00270,0.01043,-0.07253
-0.05679,0.03780,-0.08036,0.01284
-0.05800,0.01118,-0.08106,0.01803
-0.05898,0.01754,-0.05253,0.05611
-0.03203,0.05274,0.03124,0.06138
0.01558,-0.08055,-0.02305,0.02006
-0.00514,0.05811,0.10943,-0.02693
-0.02821,0.01781,0.10881,-0.04237
0.01570,-0.06092,-0.03777,-0.13171
-0.03597,0.01048,0.04509,0.08284
0.03515,0.10496,0.04989,0.01455
0.06065,0.00813,0.05943,0.03465
0.06991,0.00946,0.06971,0.01788
0.08400,0.01249,0.04991,-0.00877
0.03731,0.00077,0.03374,-0.05174
0.00484,-0.01249,0.04636,-0.07709
-0.06914,-0.04313,0.04590,-0.05443
-0.04745,-0.04178,0.06995,-0.06425
-0.06973,-0.03171,-0.07193,-0.00053
-0.02513,-0.05452,-0.03469,0.01891
0.03228,0.06473,0.03775,-0.03762
0.04253,0.01858,-0.01517,-0.02652
0.02946,0.03360,-0.05637,-0.05378
-0.00586,0.05541,-0.05080,-0.04064
-0.03475,0.03645,-0.02815,-0.05173
0.01207,0.05497,0.02332,-0.05005
-0.01395,0.01502,-0.01756,0.03058
-0.04114,-0.00267,-0.00079,0.07277
-0.04872,-0.02595,-0.00161,0.01752
-0.06816,-0.05060,-0.06108,-0.03098
0.02146,0.01591,0.03016,-0.04316
-0.04431,0.09144,-0.00684,0.01082
-0.05349,0.02352,-0.06508,0.02231
-0.07300,-0.00579,-0.04741,0.01818
-0.07825,-0.07352,-0.01615,0.02512
-0.08228,-0.05251,0.00381,0.00308
0.02205,-0.08767,-0.00010,0.01342
-0.02485,-0.02412,0.10572,0.05182
0.00295,0.10231,0.02050,0.00754
-0.06389,0.06441,-0.00625,0.02698
-0.02996,0.07373,0.04451,0.04203
-0.01206,-0.00512,-0.05837,-0.00692
-0.05514,0.06537,-0.02206,-0.05183
-0.03161,0.09743,-0.04974,-0.02592
-0.04204,0.01218,0.04565,0.05305
0.00094,0.04624,0.08633,0.05209
0.06102,-0.02977,-0.06073,0.02214
-0.05393,0.08496,-0.04244,-0.05621
0.05429,0.07045,0.07028,0.00810
-0.03277,0.01967,-0.09842,-0.05818
-0.02180,0.09703,0.01690,0.09331
-0.08404,-0.01160,-0.02348,0.01176
-0.07316,-0.05556,0.00463,0.01514
-0.05803,-0.06985,0.02071,0.00392
0.01298,-0.08303,0.03405,0.00130
0.03548,-0.07912,-0.00223,0.00841
-0.06131,0.07952,0.01745,0.02106
-0.07341,0.05730,0.01906,0.03888
-0.07571,0.03839,0.01647,0.06036
-0.07689,0.03533,0.01091,0.05666
-0.05961,-0.04802,0.04103,0.09687
-0.00170,0.10132,0.01489,-0.01952
-0.03119,0.08607,0.05631,-0.07057
-0.02125,0.07188,0.10128,-0.05697
-0.01244,0.03345,0.11880,-0.06765
-0.01409,0.05684,0.06842,-0.08222
-0.04738,0.08263,-0.01465,-0.05900
-0.06523,0.01335,-0.05514,0.03852
-0.02119,0.08937,-0.03344,0.04616
0.04655,0.08654,-0.06784,0.00245
0.02954,0.06203,-0.10010,-0.00369
0.00414,0.01469,0.02607,0.00347
-0.03766,0.07670,-0.08745,-0.00821
-0.04131,0.08211,-0.06523,0.04215
-0.02122,0.02691,-0.05445,0.04208
-0.00311,0.07246,0.02280,0.04570
0.05633,0.04478,0.01923,-0.02346
0.04804,0.06245,-0.03908,-0.04324
0.02236,0.07416,-0.05018,-0.05780
-0.05772,-0.06787,0.00890,0.06889
-0.06566,0.08416,0.00753,0.00670
-0.06604,0.02896,0.03462,0.02188
-0.08511,0.00297,0.03794,0.02311
-0.09162,0.00610,0.01201,0.02275
-0.09243,0.01571,-0.01983,-0.00275
-0.08586,0.02781,0.01859,0.02040
-0.05463,0.04815,0.07167,0.03731
0.04219,-0.04524,0.09560,0.01905
0.05077,-0.03785,0.07813,0.04315
0.04977,-0.03149,0.04168,0.00638
0.03138,-0.04883,0.04270,-0.00159
0.03262,-0.05291,0.02012,-0.00718
-0.00358,0.07387,-0.04853,-0.06465
0.07024,0.02966,0.06991,-0.05220
0.07665,0.02646,0.06303,-0.05461
0.04799,0.03364,-0.01295,-0.05578
0.02852,0.07376,-0.03526,-0.05787
-0.01961,0.00505,0.03262,-0.10389
-0.06787,0.01892,0.02588,-0.05248
-0.03599,0.06348,-0.00831,-0.04129
0.03981,0.05892,0.07159,0.02189
-0.03879,0.08858,-0.07174,0.01243
-0.01869,0.11119,0.00725,0.05873
-0.03999,-0.01399,0.00890,-0.08746
-0.04048,-0.00607,0.06856,-0.10295
-0.04304,0.00739,0.08650,-0.10617
0.00132,0.07886,0.02478,0.00062
-0.01005,0.03865,0.05600,0.01611
-0.06474,0.00587,0.07316,0.01525
-0.01071,0.07625,-0.00987,0.11679
-0.03242,0.08068,-0.05554,0.01683
-0.04241,0.07425,0.03168,0.06433
-0.04892,-0.07588,0.06394,-0.06389
-0.01260,-0.05021,0.05654,-0.05365
-0.01879,-0.05605,-0.01954,-0.05008
-0.06416,-0.06809,0.02253,0.03976
-0.08316,-0.02373,0.02974,-0.05210
-0.04910,-0.02631,0.04016,-0.01522
-0.05575,-0.01521,0.04500,-0.06816
-0.02790,-0.06047,0.06534,-0.01066
-0.00384,-0.03031,0.09216,0.00681
0.01697,-0.04548,-0.05554,-0.11768
0.00056,-0.07017,-0.04979,-0.10341
-0.03147,-0.07001,-0.07255,-0.08005
0.01892,-0.08461,-0.04889,-0.08784
0.03356,-0.09001,-0.03776,-0.06969
0.03881,-0.09033,-0.04048,-0.06030
-0.08040,0.00340,0.01087,0.03066
0.04488,-0.01836,0.00735,0.08508
-0.01850,-0.01406,0.13912,0.01285
-0.00347,-0.01384,0.08229,0.01999
-0.01371,-0.00088,0.01281,-0.01288
-0.02149,0.00791,-0.10351,-0.01011
-0.06567,0.05311,0.01392,-0.02334
0.05988,0.04335,0.02266,-0.02457
-0.02924,-0.01330,-0.00554,-0.10876
0.04053,0.06840,-0.00625,0.06084
-0.04038,-0.01166,-0.01559,-0.04444
-0.02644,0.00887,0.02141,-0.03448
0.00567,0.02941,0.03544,-0.04600
0.03972,0.01321,0.08199,0.10130
-0.03322,0.04206,-0.00846,-0.01247
-0.03303,0.02801,-0.00708,0.02302
-0.03046,0.01764,-0.03955,0.03953
-0.03487,-0.02683,-0.02919,0.05433
0.03126,-0.07945,-0.03103,0.08847
0.02894,-0.05519,-0.05515,0.06627
-0.06449,0.03850,0.04448,0.00235
-0.05323,0.02180,0.07251,-0.00193
-0.08314,0.00301,0.02027,-0.02184
-0.05735,0.02340,0.03827,-0.01646
-0.03591,0.04225,0.02870,-0.04457
-0.01958,0.07787,0.03938,-0.07287
-0.00756,0.00995,-0.09479,0.04111
-0.03921,-0.03334,-0.04324,0.02689
-0.01563,0.06673,-0.03964,-0.06487
-0.05391,0.06311,-0.04674,-0.07293
-0.05289,0.03242,0.02356,-0.05335
-0.04464,0.04901,0.00711,-0.07300
-0.04024,0.04869,0.03539,-0.01444
-0.00504,-0.09616,0.03519,0.03596
-0.03681,0.07525,0.02485,0.01517
0.05740,0.05258,0.06346,0.00277
-0.05965,0.02407,-0.06797,0.05790
0.05379,-0.02547,0.04088,0.01954
0.05229,-0.01265,-0.00575,0.05377
0.07398,-0.01092,-0.03800,-0.03503
0.04737,0.00052,-0.04930,-0.05107
0.02921,0.02558,-0.03056,-0.07721
0.06372,-0.05882,-0.05305,-0.03516
0.03247,-0.07582,-0.07558,-0.03380
0.00536,-0.08561,-0.04401,0.00580
0.05809,-0.06341,-0.00357,-0.01257
0.06821,-0.01918,0.02548,-0.00408
0.03649,-0.08500,-0.04804,0.05784
-0.04122,-0.02962,-0.05824,-0.01598
-0.05347,0.03658,-0.07058,-0.00280
-0.07373,-0.00115,-0.00662,0.08167
0.04167,0.08866,0.02184,0.02246
-0.01755,-0.01438,-0.06497,0.02630
-0.00755,0.04994,0.02365,-0.00121
-0.05831,-0.01793,-0.03025,-0.07215
-0.06353,-0.01044,-0.01117,-0.03330
-0.02024,0.00396,0.05372,0.02349
0.02042,0.00243,0.09871,0.02903
0.03930,-0.01981,0.06243,0.02406
0.05959,-0.00443,0.02854,0.02471
-0.06959,-0.01960,-0.07028,0.06480
-0.07577,-0.05385,-0.03235,0.04826
-0.05075,-0.08739,0.00902,0.05232
-0.05326,-0.08865,0.01835,0.05047
-0.05861,0.07229,-0.05680,0.05654
-0.05265,0.08506,-0.01055,0.05506
0.04481,0.05943,-0.07118,0.04521
0.04344,0.03523,-0.07279,0.07504
-0.07517,-0.07761,0.00353,-0.00032
-0.02948,-0.04278,-0.09020,0.09034
-0.03785,0.08947,-0.02042,0.06435
-0.04918,-0.01204,-0.10225,0.04129
-0.04593,-0.00735,-0.08750,0.06546
-0.03599,0.03650,-0.08724,0.04851
-0.03408,-0.00763,0.11626,-0.00054
-0.06983,0.01843,0.01291,0.00495
-0.07861,-0.02903,0.06966,0.02593
-0.04921,-0.02851,0.10473,0.02513
-0.07702,0.00651,-0.01525,0.03418
-0.08712,-0.01804,-0.02297,0.02948
-0.09040,-0.02528,-0.01505,0.03664
-0.08451,-0.01515,0.02144,0.05163
-0.05699,-0.00933,0.05273,0.05663
-0.02235,-0.05446,-0.08300,-0.02954
-0.05006,-0.03638,-0.09015,0.00786
