0.01895,0.08880,0.04943,-0.05002
0.00483,0.06125,0.00105,-0.04397
0.03846,-0.03780,0.03422,-0.03217
0.01161,-0.08468,-0.01409,-0.02338
0.06374,0.04493,-0.03670,0.04963
-0.00448,0.03432,-0.04213,0.04666
0.03763,-0.09824,0.04634,-0.01958
0.01464,-0.11054,-0.02296,-0.00108
0.02219,0.03618,-0.00997,-0.10134
-0.07602,0.05651,-0.05114,-0.03055
0.06795,0.03768,0.04240,-0.02821
0.01541,0.04167,0.09352,-0.04765
0.04239,-0.04272,0.03758,-0.10435
-0.04735,0.07481,0.02187,-0.07079
-0.05003,0.09146,0.00734,-0.03707
0.02606,0.02400,-0.01319,0.02609
0.06767,-0.05841,0.02077,-0.02774
-0.02403,-0.06080,0.00604,-0.00442
-0.02789,-0.10289,-0.00453,0.00182
0.03905,0.05230,-0.04149,0.02141
0.04532,0.04576,-0.04692,0.01616
-0.00949,-0.00193,-0.01598,0.00375
-0.01033,-0.07070,-0.00806,0.06343
0.02288,-0.09141,0.09214,-0.02711
0.02376,-0.12222,-0.00604,-0.02367
-0.07808,0.04924,0.05286,0.01927
-0.06916,0.04427,0.08562,-0.03448
-0.04352,0.01218,0.05539,-0.06458
-0.06615,0.02013,0.10209,-0.01226
-0.01589,-0.03212,0.07040,-0.03499
-0.09076,0.00420,-0.01746,0.03925
-0.07470,0.00094,0.00633,0.05963
0.02053,0.06351,0.01963,-0.07510
0.03976,0.01995,0.01195,-0.10067
0.05137,-0.00677,0.01978,-0.08826
-0.04455,-0.01626,0.10157,-0.05879
-0.04704,-0.01243,0.06183,-0.07966
0.00717,0.00431,-0.08895,0.04340
0.01620,0.00241,0.10281,0.05893
-0.00716,0.05169,-0.07367,-0.09766
0.05738,0.05432,0.04676,-0.05894
0.06698,0.03919,0.01019,-0.04020
0.04079,0.06939,-0.00146,-0.00336
-0.01969,0.03653,-0.02526,0.02793
-0.07066,0.03906,-0.02978,0.06970
0.05285,0.05576,0.00663,-0.04352
0.05155,0.05029,0.01709,-0.07025
0.05669,-0.01291,0.02615,-0.07367
0.05184,0.01519,-0.01970,-0.02064
-0.03682,-0.01730,-0.04295,0.06081
0.02929,-0.09331,-0.05266,-0.04411
-0.06403,0.07813,-0.04537,-0.01907
0.04301,0.00396,-0.03896,-0.04153
0.05958,0.03624,-0.05131,-0.04190
0.07395,0.01224,-0.04974,-0.01088
0.03365,0.01400,-0.09696,0.02732
-0.02172,-0.04209,-0.08205,-0.00249
0.06772,0.03622,0.02760,0.02476
0.05736,-0.03642,-0.00199,0.03825
-0.03095,-0.02805,0.09873,0.05123
-0.01533,-0.02100,0.09238,0.05653
0.04620,0.09218,-0.00243,0.07732
0.06447,0.05558,0.04852,-0.04262
0.06836,0.04779,0.01094,-0.01617
0.02561,0.01509,0.00013,0.02157
0.04062,-0.05911,-0.01468,0.06178
-0.04351,-0.07507,-0.01304,0.07394
-0.02710,-0.04626,0.02007,0.10182
0.06765,0.02307,-0.00318,-0.02240
0.04269,0.03323,-0.02769,-0.03497
-0.00786,-0.10003,0.02510,0.00429
-0.01661,-0.01858,0.13719,0.04023
0.04401,-0.01079,0.01823,-0.02032
0.05504,0.01556,-0.02588,-0.03470
0.04004,0.02756,-0.05841,-0.06288
0.06583,0.05192,-0.00612,0.02169
0.05726,0.02451,-0.03141,0.02297
-0.06839,-0.00818,0.00766,0.03034
-0.06299,0.01136,0.02452,0.01312
0.05058,-0.03509,-0.00238,-0.08597
0.06433,-0.04490,-0.04221,-0.08691
0.05095,-0.00891,-0.06694,-0.06203
-0.02297,0.04235,-0.03756,-0.00547
0.04941,-0.02336,0.11608,0.06992
0.04999,-0.02425,0.08549,0.08921
0.02491,-0.02849,0.02559,0.11634
0.04964,-0.00963,0.00619,0.10361
-0.03759,0.05308,0.01977,-0.06400
0.03892,0.05590,-0.03738,0.07664
0.02524,0.03086,-0.04977,0.10258
-0.02647,0.00967,-0.05335,0.11399
-0.06089,-0.01057,-0.00579,0.07961
-0.06521,-0.00045,0.10097,-0.01767
0.07733,-0.00868,0.05316,0.01520
0.09527,0.00326,0.03087,0.00184
0.10090,0.03105,-0.01715,-0.01648
0.08263,0.03063,-0.06583,-0.05044
0.07863,-0.07872,-0.00794,0.00661
0.06143,-0.10429,-0.06737,-0.00056
0.01814,-0.08249,-0.09473,-0.02811
-0.03482,-0.00067,-0.07753,-0.05671
-0.05769,-0.01498,0.07964,0.07012
0.06191,0.05607,0.02434,0.02135
0.05577,0.07098,0.01229,0.03742
0.01054,0.07204,0.02667,0.03436
0.01589,0.09466,0.02787,0.04123
0.02823,0.11344,0.03794,0.04127
0.03383,0.11802,0.04478,0.05232
0.04963,0.08544,0.05332,0.06443
0.06206,0.07368,0.04253,0.06721
0.05384,0.05438,0.00550,0.06130
-0.10115,-0.00723,0.06581,0.00831
-0.09154,0.00590,0.07768,-0.04821
-0.06519,-0.04297,0.05744,-0.08073
0.08502,-0.01705,0.06872,0.02417
0.07848,-0.08006,0.01429,0.01270
0.03570,-0.06871,-0.03631,-0.04207
-0.01056,-0.00085,-0.04430,-0.06455
0.05026,-0.04057,-0.07466,-0.03753
0.05952,-0.07311,-0.07884,-0.02785
0.04745,-0.06439,-0.06517,0.00289
0.01406,-0.03424,-0.03303,0.07808
0.01067,-0.05969,-0.03543,0.07403
-0.01849,-0.06198,-0.02972,0.07886
-0.00586,-0.10638,-0.05483,-0.04243
0.03734,0.01615,0.11577,0.01610
0.04719,-0.07086,0.04811,-0.03940
0.05701,0.04727,-0.01143,-0.04453
0.06449,0.03697,-0.01611,0.05934
0.05921,0.04595,-0.06475,0.05573
0.02840,-0.02285,0.02321,0.10757
-0.03880,-0.00260,0.06591,0.08871
-0.03139,0.00135,0.10306,0.09049
0.01270,-0.01298,0.10810,0.07795
0.02379,-0.06899,0.10585,0.01269
0.01152,-0.10152,0.07294,-0.00127
-0.02290,-0.05614,-0.05646,-0.00541
0.09319,0.03093,0.04224,0.01040
0.10242,0.00351,0.02835,-0.02915
0.08275,-0.02679,0.00679,-0.05084
0.04918,-0.01434,-0.01783,-0.06515
0.01784,-0.04354,0.03606,-0.02300
-0.07063,-0.08020,0.04115,-0.04390
-0.06196,-0.06576,0.05425,-0.05176
-0.03900,-0.02134,0.01411,-0.03861
-0.04719,-0.03016,-0.08845,0.03202
-0.07278,-0.04228,-0.04207,0.01191
-0.06983,-0.00304,-0.04368,0.06267
-0.08102,-0.01393,-0.04346,0.05149
-0.08755,-0.00673,0.07190,-0.01402
-0.04659,-0.02392,0.07298,-0.03509
0.05052,0.00413,-0.05416,0.02822
0.04159,0.01504,-0.05160,0.03926
0.01336,0.03570,-0.05873,0.05707
-0.09378,0.00676,-0.00889,-0.02071
-0.07367,-0.01089,0.03517,-0.06066
-0.05673,-0.03288,-0.08918,0.00010
-0.07303,-0.05051,-0.02178,-0.04053
-0.04101,-0.10122,0.03913,-0.07959
0.06576,0.05023,-0.01077,-0.07108
0.03257,-0.01270,-0.02017,-0.07521
0.01833,-0.03492,-0.02272,-0.07638
-0.10121,0.01106,0.00149,0.04775
-0.09077,-0.00227,-0.01328,0.04624
-0.05169,0.06152,0.07133,0.04944
0.04872,0.03979,0.08109,0.09223
0.05745,-0.01565,0.08211,0.07229
0.06291,-0.02607,0.06316,0.01509
0.05290,-0.00949,0.00257,-0.03383
-0.07089,-0.04852,-0.00798,0.00908
-0.05481,-0.05317,0.03481,-0.00343
0.03902,0.07504,-0.05568,-0.06877
0.07700,0.03257,-0.00890,-0.03325
-0.06181,-0.02416,-0.02467,0.06249
-0.03297,-0.00867,0.05121,0.05048
-0.00298,0.05574,-0.06735,0.02572
-0.02155,0.02122,0.02078,0.02680
-0.02798,-0.02200,-0.06878,0.06858
-0.04823,-0.00737,-0.07255,0.06447
-0.05254,-0.01344,-0.04438,0.02822
-0.02303,-0.00105,-0.03199,-0.00551
0.03520,-0.08387,-0.07305,0.00653
0.04945,0.00444,0.07230,-0.06896
0.01422,0.00422,-0.05485,-0.07446
-0.00051,0.05910,-0.01327,0.11185
-0.08872,0.04574,-0.00274,0.04422
-0.07878,0.05419,0.05471,0.03882
-0.02318,0.04689,0.06765,0.05296
-0.01797,0.02806,0.04415,0.09224
0.04827,-0.02740,0.01193,0.09591
0.06437,-0.01425,0.04236,0.05383
0.00573,-0.06469,0.00818,0.07929
-0.03729,-0.05288,0.01879,0.05971
0.00520,-0.02641,0.02674,0.09711
0.06040,-0.02039,0.00512,0.10881
0.04252,-0.04833,0.04597,0.03608
0.05465,-0.07783,0.04238,0.04535
0.05015,-0.10366,0.00354,0.02669
0.00169,-0.10369,-0.01075,0.02220
-0.03212,-0.12612,0.06361,-0.03756
-0.06423,-0.05096,-0.04493,0.05020
0.02323,0.06459,-0.05729,0.02241
0.01979,0.08401,0.02913,0.02877
0.00855,0.03662,-0.01131,0.04268
-0.04516,-0.00753,-0.04944,0.04560
0.04521,0.05089,0.00420,0.05651
-0.07164,0.03316,0.06422,-0.04184
0.02398,0.07139,-0.06081,0.01901
-0.06875,0.06758,-0.08022,-0.02751
-0.07478,0.02102,-0.02940,-0.05621
-0.06235,0.03202,-0.05146,0.01127
0.03087,-0.04222,0.01249,-0.09212
-0.05400,-0.03252,-0.02764,-0.07068
0.01674,0.07518,0.01639,-0.05045
0.07587,-0.04430,0.08114,0.03534
0.07465,-0.08361,0.03970,-0.02115
0.01909,-0.08758,-0.02426,-0.03412
-0.01552,-0.06915,0.02328,0.06475
-0.05815,0.06023,0.04201,0.06296
0.05944,0.09574,0.01177,0.02421
0.05130,0.09393,0.02557,0.04198
0.03267,0.05341,0.03184,0.05371
0.04033,-0.08536,-0.00760,0.03826
0.03717,-0.05330,-0.10265,0.04036
-0.00968,-0.05968,-0.11535,0.05510
-0.05719,-0.03094,-0.07656,0.05620
-0.03818,0.00889,-0.00279,0.03440
0.03623,-0.05276,0.06336,-0.01220
0.01895,-0.06753,-0.00171,-0.06578
0.06175,0.06012,0.05379,0.00061
0.04729,0.05929,0.01599,0.00416
-0.06326,0.05062,-0.00174,-0.07974
-0.05080,0.03229,0.01008,-0.10713
0.05257,0.03501,0.09123,0.05404
0.04198,-0.08447,-0.02057,0.01915
-0.05907,0.01246,-0.09842,0.07734
0.04062,-0.03771,0.01302,-0.06067
0.05769,0.04472,0.01709,-0.05353
0.04688,0.03295,-0.06092,-0.02953
-0.01815,0.02011,-0.09356,-0.01510
0.04390,0.01976,-0.08265,0.01325
0.01739,0.03288,-0.09839,0.05066
-0.05756,0.04837,-0.05925,0.08787
-0.07436,0.05123,-0.03706,0.08195
-0.07799,-0.04701,-0.07896,-0.06417
-0.08532,-0.02900,-0.07855,-0.05140
-0.09042,0.02097,-0.01227,-0.03141
-0.05966,0.01623,0.00668,-0.02530
0.06888,-0.06302,-0.05037,0.05936
0.06140,-0.02845,-0.07563,0.06019
0.05191,-0.02457,0.05409,0.04912
0.05458,-0.06502,0.06198,0.03991
-0.02947,-0.09678,-0.02754,0.03955
0.02014,0.01799,0.00261,-0.07556
0.01873,-0.00836,0.04089,-0.06131
0.03682,-0.02715,-0.03713,-0.04631
0.01745,-0.04217,-0.04627,-0.03050
0.02110,-0.05896,-0.02237,-0.02550
0.03942,0.02194,-0.04561,-0.06209
0.04769,-0.00608,-0.06205,-0.08306
0.02484,0.06256,0.02188,0.01218
0.01820,-0.03055,0.04660,-0.02062
0.05431,0.01218,0.02635,-0.02083
0.00096,0.00949,-0.05114,0.05667
-0.04539,-0.00307,-0.08854,0.03161
0.04040,0.03863,-0.06389,-0.00039
0.00680,0.04596,-0.05449,0.02157
-0.00536,0.05636,0.01207,0.01236
0.05975,0.00106,0.00093,-0.02712
-0.05768,-0.00580,-0.05551,0.09169
-0.00579,-0.02378,-0.00058,-0.01526
-0.01718,-0.07084,-0.03617,0.03899
-0.02978,-0.08228,-0.00167,0.05138
0.01025,0.01789,0.03245,-0.00126
0.03182,0.00385,-0.06445,0.02553
0.01721,-0.01123,-0.07472,0.04055
-0.00530,-0.01230,-0.06472,0.02883
0.06987,0.02545,-0.02244,-0.01470
0.05078,0.03978,-0.04840,0.01511
-0.04880,0.02825,0.01770,0.03305
-0.02785,-0.00268,0.05501,0.05425
-0.04327,-0.03479,0.05935,0.02855
-0.06295,-0.05838,0.09250,0.01022
-0.06324,-0.02017,0.13033,-0.00572
-0.10352,0.03051,0.01525,-0.01659
-0.10010,0.03103,0.01941,-0.02377
0.03413,0.07469,0.00559,-0.05756
0.03243,0.00114,-0.05238,-0.06751
-0.01057,0.03611,-0.08648,0.00422
-0.03819,0.02605,-0.05805,-0.00422
0.01928,0.03910,-0.06745,-0.07023
0.00477,0.00273,-0.04377,-0.04067
-0.05870,0.04904,-0.07444,-0.00183
-0.04713,0.06839,-0.00907,0.04328
0.05910,-0.09933,0.02929,-0.00427
0.05652,-0.10512,0.00313,0.02544
0.03940,-0.09128,-0.05410,0.04902
-0.03434,-0.10625,-0.04952,0.05428
0.02820,-0.08644,0.02878,-0.01644
0.03591,-0.07716,0.02344,-0.02192
0.02262,-0.09652,0.03800,-0.01359
-0.06831,0.04920,0.01553,-0.09820
-0.06950,0.01821,0.02310,-0.11304
-0.06581,0.07208,0.01918,-0.07903
-0.05664,0.05209,0.00987,-0.08369
0.01174,0.04376,0.04385,-0.08698
0.02196,0.05937,-0.03807,-0.03793
-0.00038,0.04978,-0.07639,-0.04663
-0.02770,0.04327,-0.07047,-0.05209
-0.02863,-0.03248,-0.04314,-0.07567
0.05132,-0.00646,-0.02188,-0.07145
0.04287,-0.04262,-0.06433,-0.06831
-0.01016,-0.03395,-0.09484,-0.05474
-0.05512,0.00739,-0.07523,-0.01344
-0.08351,-0.00871,-0.00303,0.01080
-0.04696,-0.01819,-0.00878,-0.01796
-0.08895,0.06911,0.03400,-0.02102
-0.06075,0.03831,0.05753,-0.05633
0.02057,-0.06781,0.01504,-0.08185
-0.05542,0.03943,-0.01647,0.02859
0.05856,0.00920,-0.03024,-0.06680
-0.04622,-0.04026,0.06997,-0.01580
0.04713,0.05584,-0.04805,-0.06400
-0.05439,0.07915,-0.08345,0.04643
-0.05249,0.07263,-0.03123,0.08036
0.06275,-0.02025,0.08189,0.04396
-0.07280,0.00081,-0.03562,0.08256
-0.07248,-0.00021,-0.03694,-0.01700
-0.09242,0.03347,0.02684,0.00156
-0.06583,-0.02692,0.06377,-0.03291
-0.00755,-0.12289,-0.03451,-0.03147
-0.10484,0.02541,-0.02068,-0.02313
-0.10033,0.00092,0.04819,-0.04786
-0.06882,-0.04053,0.09202,-0.07204
-0.06933,-0.03514,-0.02755,0.02013
-0.07160,-0.05715,-0.03302,0.00826
-0.05393,0.08523,0.04037,-0.00762
-0.05310,0.05136,0.03307,-0.03959
-0.00452,-0.00021,0.05125,-0.06809
0.04442,-0.05223,-0.01889,-0.03121
0.02420,-0.05321,-0.08380,-0.00633
-0.02213,-0.06889,-0.10250,0.01709
-0.05624,-0.07939,-0.06499,0.01140
-0.07109,-0.09300,-0.03682,0.00402
-0.06544,0.04003,0.05772,-0.06101
-0.02815,0.03725,0.07162,-0.09439
0.06605,0.04126,0.05980,-0.00645
0.04778,-0.07110,-0.01656,0.00677
-0.08798,-0.02968,0.03256,-0.01330
-0.07667,-0.06863,0.05344,-0.00741
0.04459,-0.11897,0.03836,-0.02122
-0.01465,-0.00689,-0.04493,0.08302
-0.00939,0.02523,-0.00405,0.04579
-0.00889,-0.03717,0.08391,0.01674
0.00928,0.09605,0.00227,-0.04790
0.03347,0.06214,-0.04338,0.03369
0.00948,0.04559,-0.07517,0.05240
0.02599,0.01178,0.04599,-0.04933
0.04219,-0.02647,-0.03539,-0.04215
0.07075,0.05003,-0.01358,-0.07704
0.04166,-0.01201,-0.09400,-0.06021
0.07516,0.05919,0.06313,0.07773
0.08599,0.03597,0.07792,0.06351
0.09570,-0.00092,0.07621,0.05209
0.10421,0.00263,0.05725,0.04786
0.07093,0.00672,0.00168,0.04382
-0.04627,-0.07764,0.05010,-0.05466
-0.04122,-0.07872,0.07857,-0.03210
-0.05239,0.06881,-0.01581,-0.06687
0.01372,0.01113,-0.00020,0.01019
0.01671,0.05755,0.00462,0.03072
