-0.07448,-0.03142,-0.02382,0.05361
-0.06619,0.02039,-0.00135,0.04797
-0.03118,-0.02260,0.05547,-0.06848
-0.02300,-0.02789,0.01743,-0.10385
-0.02839,0.02513,-0.05911,0.03330
0.00130,0.02150,0.00771,0.04987
-0.04110,0.02298,0.06115,-0.00049
-0.00439,0.03709,0.04611,0.00022
-0.06017,-0.03150,-0.00932,0.00426
0.09582,0.00862,-0.01784,0.03479
0.00786,-0.04370,0.03250,0.04486
-0.03952,-0.08941,-0.00593,-0.01361
-0.05439,-0.04012,-0.04959,-0.06849
0.05954,-0.05899,-0.06743,0.04054
0.04808,-0.06689,-0.07611,0.03328
0.04863,-0.01706,-0.04108,0.07613
-0.07530,-0.01991,0.03076,-0.00516
-0.01044,0.04416,0.05060,-0.03851
-0.00535,0.05480,0.06421,-0.02160
-0.03619,0.03650,-0.07828,0.00721
-0.03106,0.04512,-0.08999,-0.01851
-0.04742,0.02798,0.04992,0.05460
-0.03788,-0.02036,0.01636,0.04701
-0.06761,-0.04157,0.05272,0.03749
-0.07070,0.01094,0.00048,0.01920
0.05471,-0.09263,-0.01651,0.00057
0.00887,-0.11280,-0.03002,0.00980
-0.03088,-0.05971,-0.04885,0.02368
0.06030,-0.11420,-0.02461,-0.04589
0.03715,-0.10596,-0.04018,-0.06325
0.09019,0.01165,0.05828,-0.01110
0.07616,0.01025,0.05886,-0.04162
-0.05591,0.03963,0.06377,-0.00329
-0.04831,0.02027,0.05691,-0.04111
-0.03078,-0.02754,0.02665,-0.02404
0.02883,-0.09329,0.04928,-0.00108
0.01891,-0.07701,0.02118,-0.03512
-0.00423,0.10284,0.04342,0.05252
-0.00879,-0.09862,0.00701,0.03938
-0.01394,0.03743,-0.10561,-0.04635
-0.04031,-0.09946,-0.04909,0.01763
-0.06059,-0.05016,-0.08937,0.01551
-0.06055,-0.01451,-0.05681,0.04813
0.02272,-0.06137,0.04881,-0.06654
0.04964,0.04702,0.02789,0.05885
-0.06631,-0.03602,-0.03059,0.06316
-0.08316,-0.02637,-0.04277,0.03771
-0.09617,0.00816,-0.05140,0.01585
-0.06637,0.02204,-0.04019,-0.01238
0.00747,0.06331,0.05397,0.03424
-0.03693,0.02523,-0.06880,-0.05083
0.04679,0.00691,-0.08062,0.07714
-0.08085,0.01117,-0.02632,0.05177
-0.08719,0.02917,-0.06230,0.00688
-0.07105,0.06596,-0.09499,0.03274
-0.04540,0.09323,-0.07845,0.02103
0.01928,0.07379,-0.03860,-0.05955
-0.04904,-0.04694,-0.01770,0.02881
-0.01998,-0.03004,-0.03617,0.01257
0.04635,-0.09679,0.02101,-0.03370
0.03665,-0.07520,0.00016,-0.07082
0.01501,-0.05060,0.00031,0.07719
-0.06230,-0.07433,-0.00376,0.03337
-0.08126,-0.03096,-0.01046,0.04870
-0.07157,0.00005,0.03913,0.04083
-0.05779,0.05604,0.03463,-0.02481
0.05341,0.02818,-0.00314,0.06443
0.04353,-0.02660,0.02039,0.08863
-0.08388,0.00478,0.03566,-0.02266
-0.07502,0.00401,0.01502,-0.04573
0.00803,-0.04358,0.01831,-0.05953
0.01263,-0.10976,0.04696,0.00792
-0.05431,-0.00775,-0.01723,-0.02252
-0.06690,-0.00954,-0.03110,0.07649
-0.06592,0.00913,-0.06096,0.05766
-0.03982,-0.06581,-0.09875,-0.05675
-0.04827,-0.02463,-0.08551,-0.06583
0.05618,0.01995,0.02539,0.00657
0.05083,0.02833,0.05908,-0.00945
-0.05048,0.01055,-0.06456,-0.03321
-0.04820,0.01383,-0.11050,-0.06812
-0.01583,0.04434,-0.11545,-0.03599
0.02645,-0.02489,-0.02152,-0.05799
-0.03051,-0.06744,0.09080,-0.04910
-0.03479,-0.02714,0.11654,-0.05883
-0.01051,-0.01224,0.10511,-0.08127
0.00490,-0.04634,0.00745,-0.01654
0.01933,0.06352,0.07519,-0.00703
0.01059,0.07597,0.04220,-0.05179
0.02619,0.04567,0.00765,-0.07681
0.06292,0.01327,0.00671,-0.06151
0.07742,-0.02011,0.02526,-0.03906
0.03360,-0.06123,0.00345,0.02404
-0.04883,-0.01865,0.04755,0.07710
-0.08525,0.00221,0.02112,0.07139
-0.10303,0.01925,-0.02558,0.06196
-0.09868,0.04058,-0.04551,0.05841
-0.02373,-0.00333,0.02311,-0.10920
-0.02767,0.02909,-0.01170,-0.11825
-0.00910,0.05178,-0.01700,-0.10158
0.05657,0.01110,-0.10426,0.05189
0.06609,-0.02912,0.05091,0.03963
-0.05401,0.00048,-0.00216,0.01955
-0.03393,-0.01696,-0.04014,0.04643
0.00362,0.01932,0.07729,0.10812
-0.00924,0.03261,0.08745,0.10789
-0.02364,0.03902,0.08896,0.09486
-0.03198,0.01474,0.08499,0.08541
-0.04584,-0.02404,0.05056,0.08004
-0.06733,-0.01929,0.02037,0.06375
-0.07487,0.01626,-0.01141,0.04127
0.07397,-0.09200,0.00294,0.01550
0.05806,-0.07696,-0.00876,0.06053
0.04273,-0.05502,-0.02551,0.08586
-0.09011,-0.06488,-0.00910,-0.02555
-0.09121,-0.02681,-0.06324,-0.06998
-0.06615,-0.00707,-0.09342,-0.03571
-0.06127,0.00584,-0.06981,0.02378
-0.05805,0.08450,0.02340,0.00259
-0.06019,0.09587,0.02682,-0.03697
-0.04414,0.09445,0.02064,-0.05841
-0.01924,0.07730,0.02282,0.01198
-0.01908,0.08266,0.02786,0.05037
-0.00811,0.06399,0.02662,0.09249
-0.03592,-0.02647,-0.06807,-0.02356
-0.05494,-0.06766,0.09950,0.00227
-0.07476,-0.03694,0.08937,-0.02670
-0.06294,0.00337,0.03829,0.00918
-0.05862,0.06129,0.02283,0.07853
-0.03422,0.08495,0.03173,0.04107
0.00729,0.01579,0.12457,-0.02272
0.05062,-0.04062,0.08115,0.04544
0.03498,-0.05582,0.08376,0.04220
0.00988,-0.07554,0.07535,0.01877
-0.02061,-0.09960,-0.02308,-0.05869
-0.03438,-0.07274,-0.04542,-0.02207
-0.02178,0.01930,-0.07627,-0.00146
-0.07660,-0.00504,0.03031,0.00413
-0.09799,-0.02933,-0.02660,0.00321
-0.10092,-0.01217,-0.05714,0.03256
-0.09866,0.01424,-0.04063,0.04850
-0.05671,0.02900,0.10127,0.01628
0.01928,-0.02943,0.02803,0.09541
0.03026,-0.04846,0.00556,0.07510
0.03208,-0.06406,0.00427,0.02529
0.07336,0.06910,-0.03747,-0.02062
0.08300,0.04150,-0.05361,-0.01589
0.07044,0.06496,0.02581,-0.02394
0.06613,0.05934,0.04204,-0.02005
0.08266,-0.08545,0.04141,-0.04481
0.06311,-0.07967,-0.00711,-0.04989
-0.01425,0.03394,-0.11503,0.04704
-0.01010,0.03727,-0.10252,0.03290
-0.00118,0.03363,-0.08817,0.02576
0.02727,0.04867,0.05220,0.05670
0.00432,0.05369,0.05412,0.04266
0.05976,0.06807,0.04921,-0.04816
0.06261,0.02351,0.08973,-0.03451
0.03076,-0.01862,0.11543,-0.05226
-0.07095,-0.00124,0.04684,-0.03996
-0.06437,-0.00050,0.04112,-0.07030
-0.04857,0.00579,0.02338,-0.07687
0.09482,0.04808,0.05117,0.02170
0.09559,0.04018,0.00806,0.01673
0.06113,-0.01712,0.07097,0.04315
-0.03109,-0.08147,0.01701,0.07630
-0.03942,-0.09470,-0.01676,0.04130
-0.03993,-0.10492,-0.04771,0.03822
-0.05090,-0.07894,-0.08899,0.01568
0.04242,-0.00235,0.01942,-0.03320
0.03377,-0.03485,0.04653,-0.05159
-0.02490,0.08832,0.05354,-0.05666
-0.08472,0.01940,0.01514,0.02724
0.06921,0.02808,0.05855,-0.03421
0.04162,-0.01103,0.05446,-0.02867
0.01779,0.02528,-0.08656,0.04811
0.00762,-0.00391,-0.03870,-0.03667
0.04224,0.05813,-0.06657,-0.06864
0.07143,0.05399,-0.05037,-0.05829
0.07625,0.03407,-0.02967,-0.04309
0.06005,0.03632,0.00070,-0.05627
-0.05305,0.01068,0.04926,0.00392
-0.04382,-0.07137,0.09115,-0.02879
0.00098,-0.01400,-0.06534,-0.00558
0.03332,0.02545,0.01606,0.01500
0.08573,0.02544,-0.00548,0.06727
0.07175,-0.01456,0.02192,0.06076
0.04031,-0.02080,-0.00704,0.04082
0.01641,0.01216,0.05713,0.03138
0.02382,-0.02916,-0.01216,-0.05239
-0.02424,-0.02091,-0.05706,-0.09463
-0.00099,0.01592,-0.02461,-0.08710
0.02575,-0.01594,0.02913,-0.03299
0.00479,0.06287,0.03316,0.08144
-0.00883,-0.04012,-0.06556,0.08065
-0.03529,-0.01246,0.06743,0.02064
-0.04725,-0.00525,0.07262,-0.00474
-0.08822,0.03105,-0.03404,0.02761
-0.06024,0.04777,-0.00719,0.04429
-0.04003,-0.03109,0.04408,0.06797
0.02177,0.02776,-0.01720,0.02266
0.03173,-0.00222,-0.05050,0.09458
0.03301,-0.03355,-0.03773,0.04576
0.02241,-0.01948,-0.02942,0.00806
0.04391,0.06404,0.06284,-0.00762
-0.02353,-0.01709,-0.04092,0.07659
0.04526,-0.06329,0.00088,0.09077
-0.00594,0.05818,-0.11564,-0.04897
0.10241,0.03135,-0.01618,-0.02355
0.10166,-0.00517,0.00513,-0.02210
0.06578,0.07767,-0.04562,-0.02693
-0.02847,-0.08331,-0.03573,0.05212
0.02097,0.00947,-0.06650,0.00960
0.00559,-0.06933,0.06930,-0.04702
-0.08549,-0.02849,0.09577,-0.03711
-0.07936,-0.01652,0.07376,-0.06830
-0.04961,0.00543,0.06314,-0.05619
-0.00382,-0.03897,-0.02136,-0.07105
0.05893,-0.06213,0.01079,0.03615
-0.07488,0.02541,0.02621,0.03880
-0.07842,0.03524,0.01140,-0.00151
-0.06499,0.03571,0.03567,-0.03392
-0.03772,0.07498,0.02641,0.05750
-0.01932,0.11962,0.03686,0.05034
0.00122,0.11447,0.04480,0.06951
0.01712,0.09124,0.06522,0.08497
0.00817,0.04371,0.09424,0.09227
-0.02793,0.02158,0.11640,0.05073
-0.02283,0.02028,0.10646,-0.05046
-0.04555,-0.06921,-0.06421,0.00156
-0.04495,-0.04208,-0.04361,0.03732
0.08463,-0.04874,-0.01834,0.06870
0.06219,-0.05518,-0.00799,0.09701
0.00462,-0.07923,0.08236,0.00408
-0.00236,-0.03283,-0.10211,-0.05054
0.06937,0.05415,-0.10242,0.06037
-0.06494,-0.03957,-0.07322,-0.02981
-0.08764,-0.00932,0.01076,-0.05676
-0.06072,0.02436,-0.04897,-0.08427
-0.00658,0.02216,-0.05676,-0.06477
0.00400,0.05813,-0.10371,-0.05740
0.02174,0.07826,-0.11804,-0.05038
0.05913,0.09294,-0.01963,0.04067
0.07307,0.07436,-0.00246,0.04320
0.08702,0.05826,-0.05658,-0.00751
0.09559,0.05175,-0.04776,0.01324
0.09070,0.01143,-0.04915,0.03565
0.08822,0.01134,-0.03251,0.05052
-0.01145,0.09106,0.02435,-0.03484
-0.01090,0.07753,0.00141,-0.03952
-0.02655,-0.05564,0.01265,-0.04114
-0.00998,-0.06834,-0.00935,-0.08003
0.03056,0.01328,-0.02283,-0.04424
-0.01368,-0.05270,-0.02089,0.00942
-0.04092,0.02937,0.09391,-0.03723
-0.05320,0.07442,0.07018,-0.04756
-0.05450,0.08637,0.05368,-0.03000
-0.05667,0.06176,0.02229,-0.03121
-0.01152,0.03554,0.06378,0.02150
-0.03520,0.03118,0.01687,0.01137
-0.02085,-0.02944,-0.00138,0.04201
-0.00277,-0.06430,-0.01129,-0.02539
-0.03219,-0.02609,-0.03858,-0.08072
0.02284,0.10706,-0.03991,-0.02231
0.04161,0.09724,-0.05179,0.00549
-0.01209,0.07277,-0.02772,-0.05517
0.02698,0.05582,-0.04092,-0.04387
0.03534,-0.00674,-0.00273,-0.03015
-0.06262,-0.04586,-0.04068,-0.03716
0.05221,0.00308,-0.00351,0.01509
0.00338,0.02849,0.08222,0.01395
0.00941,0.01559,0.04854,0.00072
0.03355,-0.03718,0.03603,-0.01944
-0.06057,0.03113,0.06019,0.02645
0.01834,0.04644,-0.02125,-0.08267
0.01367,0.04956,-0.02991,-0.07111
0.02889,0.04591,-0.00392,-0.05237
-0.03896,0.00399,0.00662,-0.12323
-0.01129,0.04045,-0.00792,-0.13511
0.05639,-0.06199,0.01618,-0.00622
0.05398,-0.06700,0.01430,0.04547
0.04150,-0.06607,0.03159,0.03888
0.04102,-0.07725,0.02295,0.05458
0.02051,-0.10724,0.01744,0.07066
0.07205,0.00439,0.07954,-0.01289
0.07693,0.00019,0.07349,-0.00747
-0.06070,-0.04157,0.02381,0.04364
-0.06173,0.00494,0.00322,0.01836
0.04421,0.08960,-0.06303,-0.06053
0.06230,0.04537,-0.06499,-0.01121
-0.03995,-0.01178,-0.08612,0.07424
-0.00770,0.04354,0.05676,-0.06235
0.05048,0.07528,0.00517,0.00262
0.03900,0.03718,0.05443,0.01917
0.00298,-0.04472,0.07462,-0.10651
-0.00705,-0.02400,0.06286,-0.11300
0.01071,-0.00668,0.02509,-0.09482
0.06051,0.00312,-0.00178,-0.07667
-0.00788,-0.04308,0.02809,-0.09036
-0.01271,-0.05032,0.02245,-0.10583
-0.01163,-0.04080,0.02142,-0.11879
0.04332,-0.03186,-0.03003,-0.05687
0.04327,-0.05642,-0.04399,-0.06536
0.05931,-0.04561,-0.02634,-0.00053
0.04610,-0.06377,-0.04691,0.00449
-0.02962,-0.10106,0.00036,-0.01524
-0.04151,0.05592,-0.02637,0.04518
-0.02666,0.08545,-0.03561,0.03878
0.00036,0.06729,-0.03116,0.04256
-0.01356,0.04190,-0.02093,0.07088
-0.05159,-0.00764,-0.04399,0.06596
-0.05157,0.02587,-0.08200,0.04960
-0.02154,0.05227,-0.07501,0.05317
0.00207,0.07573,-0.05035,0.05635
0.02561,0.06230,-0.01717,0.07270
0.00483,0.05739,-0.00731,0.05437
0.07348,-0.03882,-0.01845,0.07715
0.04136,-0.05352,0.00184,0.03597
0.00921,-0.07158,-0.01540,0.03649
0.07218,0.02268,0.02771,0.06579
-0.00549,-0.02632,0.01069,-0.06288
0.01069,-0.04902,0.04236,0.07493
-0.03527,-0.01050,-0.04529,-0.05578
0.06633,0.07724,0.02626,0.01899
0.07499,0.03717,0.05900,0.01797
-0.01030,-0.10419,-0.01853,-0.04346
0.08052,0.01846,-0.06756,0.01270
0.09369,-0.00782,-0.01854,0.01404
0.09679,-0.00673,0.06056,0.01286
0.07135,-0.01094,0.04348,0.01861
0.00387,0.00218,0.01698,-0.09562
0.10024,-0.00707,0.01149,-0.06487
0.08221,-0.04621,0.04300,-0.05674
0.04071,-0.07386,0.02776,-0.07180
0.09148,0.04328,0.03341,-0.05901
0.09427,0.03928,0.01700,-0.05401
0.07117,-0.07040,-0.02747,-0.00657
0.04155,-0.02564,0.02711,0.07944
-0.00178,-0.08637,0.01410,0.07960
-0.02869,0.01013,-0.02222,-0.04581
-0.00209,0.04845,-0.04746,-0.04292
0.03023,0.04315,-0.04168,-0.04353
0.05888,0.02523,-0.01264,-0.05425
0.07520,0.02103,0.01578,-0.04250
0.04911,-0.10870,-0.03678,0.03974
-0.02715,-0.09489,0.01804,0.01536
-0.06343,-0.03148,-0.00240,-0.05820
-0.00838,-0.03198,-0.06079,0.00025
0.09750,-0.04235,-0.03420,0.02125
0.07915,-0.05881,-0.05538,0.03568
-0.06085,-0.06202,-0.04202,-0.08773
0.04397,0.05865,-0.06642,-0.08179
0.05359,0.01436,-0.06746,-0.07853
0.02272,-0.05421,-0.07444,-0.05326
-0.02074,-0.08358,0.00382,0.05813
-0.03477,0.10262,0.01356,0.05960
-0.00321,0.11976,-0.00135,0.06492
-0.02052,-0.01025,0.08539,-0.00453
-0.01718,0.00213,0.03781,-0.04310
-0.09584,0.02598,0.00890,-0.02636
-0.06873,0.08196,-0.02597,-0.05156
-0.06259,-0.00820,0.10383,0.02807
-0.07552,-0.02560,0.09887,0.02263
-0.08754,-0.02452,0.07666,-0.01911
-0.07889,-0.01390,0.04149,-0.04263
-0.05831,0.00729,0.01621,-0.01006
0.00535,-0.04841,-0.04899,0.02030
-0.00381,-0.09059,-0.06498,0.00811
0.07370,0.01947,-0.09112,0.04836
0.04822,-0.00082,0.02432,-0.02034
0.01484,0.01640,-0.03780,0.03128
