0.2115,-0.2686,-0.0519,-0.0171
0.2088,-0.0404,-0.0786,0.0196
0.2719,-0.3906,-0.0532,0.1951
0.2364,-0.0145,-0.1527,-0.1156
0.3210,0.0134,-0.0698,-0.0876
0.4072,0.1984,-0.1157,0.2308
0.3112,0.3798,-0.0370,-0.0744
-0.1680,0.2803,0.1796,-0.0145
-0.3719,0.1407,-0.1170,0.0893
0.1266,-0.1449,0.0720,-0.1150
-0.2335,-0.1927,-0.6060,0.1267
0.1438,0.3406,-0.1121,0.1649
0.1701,0.4685,0.0331,0.2521
0.1701,0.5494,0.0408,0.1177
0.1679,0.4665,0.0128,0.1068
0.1252,0.3084,-0.3005,-0.3309
0.1784,0.3184,-0.2588,-0.2495
0.0486,0.4217,-0.1514,-0.1739
-0.0306,0.4846,0.0569,-0.0712
-0.0631,0.4545,0.2423,-0.1207
-0.2436,0.4200,-0.2995,0.0344
-0.1728,0.5142,0.0206,-0.2168
0.3140,0.3580,-0.0259,0.0441
0.3956,0.2200,0.0773,0.2663
0.3942,0.3731,0.0864,0.2458
0.2739,0.4530,0.1541,0.3327
0.1627,0.3072,0.3120,0.3757
-0.4152,0.1047,-0.0026,0.2370
0.6021,0.0855,-0.0424,0.0904
0.4963,0.3858,-0.1730,-0.0950
0.2645,0.5115,-0.3007,0.2555
0.2890,0.5735,-0.2817,0.2132
0.2781,0.5618,-0.2520,0.1374
0.1813,0.5097,-0.1877,0.0368
0.1384,0.3185,-0.1162,-0.1729
0.1753,0.2188,0.0372,-0.1064
-0.1937,-0.3582,0.1468,-0.0483
-0.2702,0.5838,0.0750,-0.0653
-0.1801,0.6501,0.1591,-0.2230
-0.1148,0.6589,0.1051,-0.3092
-0.2548,0.5270,0.1494,-0.1414
-0.0831,-0.4618,0.1752,0.1443
-0.0542,0.2043,-0.0437,-0.3356
0.0723,0.0800,-0.0822,-0.4093
0.0098,0.2356,-0.1061,-0.0524
-0.2140,0.0804,0.1753,0.3086
-0.2566,0.2598,0.1628,0.2082
0.1228,-0.0216,-0.0052,0.0353
0.3345,-0.0277,-0.1347,0.1138
0.2720,-0.2621,0.1543,-0.1008
0.1399,-0.0710,0.0603,-0.0559
-0.3151,0.2064,0.4057,-0.1693
-0.2891,0.2013,0.4269,-0.2482
-0.2317,0.2730,0.3939,-0.1882
-0.0490,0.3414,0.3412,-0.2023
0.4300,0.3972,-0.0272,-0.0601
0.4330,0.3772,-0.2600,-0.2178
0.3960,0.3788,-0.4095,-0.1825
0.2267,0.3817,-0.5311,-0.1189
0.0711,0.4275,-0.4792,-0.1767
-0.0589,0.3863,-0.3907,-0.2218
-0.1900,0.4380,-0.3359,-0.0185
-0.2862,0.3938,-0.2728,0.1058
0.2168,-0.1557,0.0476,-0.4075
0.2705,-0.0093,0.4085,-0.2695
0.0909,0.0962,0.4525,-0.3620
-0.1025,0.1855,0.4328,-0.3719
-0.3087,0.1937,0.3666,-0.1450
-0.1529,0.5229,0.1164,0.0443
-0.3344,0.0396,0.1242,0.4248
0.1164,-0.0628,0.0829,-0.3836
-0.0507,-0.0055,0.0616,-0.3035
0.0961,-0.2966,0.2936,-0.2689
0.2452,-0.2849,0.2232,-0.3201
-0.0071,0.2889,0.0252,-0.0283
0.0452,0.0837,0.4764,-0.2513
-0.0311,0.1590,0.2293,0.0470
0.5368,0.3085,0.0806,0.2442
0.5410,0.3358,0.1055,0.2657
0.5166,0.3886,0.1109,0.2215
0.4542,0.4547,0.1652,0.1927
0.4389,0.2677,0.0264,-0.0881
-0.1599,-0.1117,-0.1723,0.2869
0.0138,0.0388,-0.1567,-0.1407
-0.2435,-0.1600,-0.0913,0.1165
0.3488,0.0683,0.3308,-0.1945
0.2959,0.0953,0.2256,-0.2373
-0.3493,-0.2542,-0.2523,0.3817
-0.3982,-0.1310,-0.2980,0.3285
0.0419,-0.0551,0.4391,0.1447
0.1715,0.0734,0.4777,0.1426
-0.0638,-0.2575,-0.3440,0.0210
0.0005,-0.1603,-0.2134,0.0551
-0.1269,-0.0408,-0.1315,-0.3376
0.0089,-0.0163,-0.1978,-0.4578
0.4118,-0.2621,0.0458,-0.2733
0.4342,0.0146,0.2183,-0.1697
0.0904,0.4685,-0.4613,0.1451
0.1239,0.6135,-0.2898,-0.1150
0.0606,0.6622,-0.2498,-0.0664
0.0762,0.3417,-0.2736,-0.0492
-0.3964,0.0721,-0.4514,-0.2106
-0.3005,0.0146,-0.4991,-0.2922
-0.0783,0.2018,-0.2621,-0.2667
-0.1457,0.2444,-0.1739,-0.1653
0.1421,-0.1536,-0.3881,0.1244
0.2081,0.0588,-0.3080,0.0549
0.0423,-0.1933,-0.1332,0.4663
-0.0704,-0.2302,-0.1636,0.4451
-0.0491,-0.5519,-0.0471,0.1030
-0.3033,-0.2743,0.0928,0.1190
0.2425,0.2809,0.3770,0.0668
0.2479,0.2400,0.3526,0.1083
0.4052,0.3478,0.0089,0.1216
0.3163,0.0232,0.2902,0.0626
0.2710,0.1747,-0.0735,0.2173
0.1746,0.3365,0.1024,-0.0753
0.0042,0.3021,0.1865,0.1147
0.0028,0.3665,0.1665,0.0397
-0.2925,0.2180,-0.2800,0.1090
-0.4085,0.2794,-0.1808,0.2118
-0.4636,0.3700,-0.0570,0.1362
-0.4668,0.3930,-0.0689,0.0539
0.1503,-0.0105,-0.3665,0.2253
-0.0093,-0.1256,0.1176,-0.0233
0.1698,-0.2058,0.1667,-0.1092
0.1696,-0.1053,0.1658,0.0220
0.4188,-0.0892,0.1958,-0.0061
-0.3452,0.2776,0.4175,-0.1095
-0.1452,0.2505,0.4261,-0.1522
0.4198,0.1975,-0.2362,0.1006
0.3567,0.2760,-0.2158,-0.0109
-0.0916,0.5379,-0.1662,-0.1385
-0.1009,0.4819,-0.0323,-0.2272
0.3540,-0.2230,0.1260,-0.2012
0.0373,0.0425,-0.0782,0.1609
-0.1473,0.3784,0.1051,0.1284
-0.0913,0.3045,-0.0455,0.4833
-0.1904,0.3769,0.0089,0.5141
-0.2643,0.4064,0.1008,0.3094
-0.1638,0.4843,0.2229,0.0764
-0.1226,0.4688,0.3172,0.0039
0.0838,-0.0875,0.1260,0.4331
0.0232,-0.0384,0.2766,0.4144
0.1361,0.0923,0.3316,0.3555
0.1234,0.1269,0.3395,0.1806
-0.0827,-0.1246,0.0314,0.0896
0.6288,-0.2655,0.1540,0.0351
0.6088,-0.1576,0.1698,-0.0791
-0.1483,0.0020,-0.0852,0.2967
0.6926,-0.0877,-0.0094,0.1059
0.6649,-0.0419,-0.0721,0.2688
0.3917,0.1382,0.0183,0.2774
0.4630,-0.0226,-0.1846,0.1191
-0.3443,0.4914,0.1285,0.0474
-0.0686,0.4259,0.1042,0.2058
-0.1353,-0.4440,0.1500,-0.0779
0.3329,0.1915,-0.2714,0.1415
0.2768,0.4898,-0.0010,-0.0625
0.3324,-0.1893,0.2332,-0.1463
-0.0875,-0.1328,0.0899,0.1663
-0.2298,-0.1221,0.1753,0.2999
0.0591,0.0853,0.0312,0.1004
0.5636,0.0420,0.0011,-0.0392
0.6238,-0.2160,-0.1488,-0.1510
-0.3169,0.1898,-0.0912,0.1156
-0.2197,0.0658,-0.0318,-0.5853
-0.1967,0.0451,0.0622,-0.6039
-0.2393,0.0581,-0.2622,-0.2761
0.1041,0.1008,-0.3343,-0.3428
0.0451,0.2271,-0.2563,-0.4409
-0.0576,0.3077,-0.1452,-0.5541
-0.1198,0.3048,-0.0896,-0.5721
-0.1466,-0.4540,-0.2534,-0.0657
-0.0358,-0.3910,-0.1391,-0.0784
0.2779,-0.4490,0.0206,0.1079
0.3113,-0.4700,-0.0703,0.0878
0.3226,-0.3367,-0.1701,-0.2768
0.4065,-0.2955,-0.1823,-0.1403
0.3201,-0.2665,-0.1444,-0.0458
-0.4637,-0.0732,-0.1448,0.0425
-0.3907,0.0707,-0.0713,-0.0910
-0.2335,-0.2219,-0.4196,-0.0811
-0.0973,-0.1197,0.4356,0.0007
0.1764,0.1651,-0.0603,0.0736
0.4380,0.2194,0.1409,-0.2099
-0.2159,-0.1116,-0.1394,-0.0873
-0.0482,-0.3141,-0.2163,0.1013
0.0040,0.0296,0.3287,-0.1668
0.4764,-0.1794,-0.0380,-0.3561
0.4789,-0.2825,0.1575,-0.1900
0.4803,-0.1915,0.2117,-0.0511
0.5020,-0.0594,0.2005,0.0868
0.5373,-0.0995,0.2097,0.0786
0.4793,-0.0495,0.2588,0.0978
-0.2740,-0.0229,-0.1970,-0.2027
-0.3591,0.1021,0.2006,-0.0009
-0.3427,0.1566,0.3733,-0.0568
-0.1967,0.1264,0.3053,-0.0350
-0.1490,0.1778,0.2912,0.0491
-0.1583,0.0395,0.1087,-0.3836
0.2442,-0.4059,-0.0298,-0.2839
0.4958,-0.1118,-0.3687,0.0077
0.5245,-0.0954,-0.3512,0.0012
0.5359,-0.0435,-0.1977,0.0811
0.2779,-0.5495,-0.2674,-0.0734
-0.2076,-0.1634,-0.4410,0.2297
0.6697,-0.1213,-0.0802,-0.2363
0.6680,-0.0578,-0.0011,-0.2359
0.5071,0.2442,0.0798,0.0711
0.5227,0.1370,-0.0250,0.1355
0.5008,0.2857,0.0508,0.1003
0.3981,0.3430,0.0385,0.1396
