-0.1933,0.2391,-0.1236,-0.2763
-0.1152,0.1439,0.0303,0.0344
-0.1961,-0.2626,-0.3224,-0.0212
-0.0411,-0.3506,-0.2310,0.3669
-0.3296,-0.0349,0.3778,-0.4352
0.1026,-0.0081,0.3446,-0.2572
-0.2916,-0.1362,-0.3752,0.1117
-0.1339,-0.2071,-0.0403,0.3985
-0.1427,-0.3236,-0.1395,-0.1212
0.5087,-0.0498,0.2402,-0.0863
-0.3485,-0.1385,-0.1515,-0.4447
-0.0124,-0.0284,-0.3589,-0.5141
-0.1893,-0.4647,-0.4185,-0.1914
0.3301,0.0013,-0.1204,-0.2725
0.3292,0.1537,0.0643,-0.2710
-0.0900,-0.1073,0.1574,-0.3109
-0.4025,-0.2811,-0.2151,-0.1286
0.1937,-0.1563,-0.1059,-0.0026
0.2045,-0.1884,-0.1408,0.2990
-0.3161,0.1819,0.2863,0.1486
-0.3589,0.1407,0.2785,0.1757
0.1125,-0.1287,0.0407,-0.1220
0.0350,0.1555,-0.0124,0.4977
-0.1714,-0.0227,-0.5548,0.0045
-0.1714,-0.3099,-0.1991,0.3586
0.4760,0.3803,-0.1282,-0.0441
0.4275,0.2350,-0.3755,-0.2178
0.2814,-0.0622,-0.3666,-0.1839
0.4245,0.1868,-0.4252,-0.2333
0.1186,-0.0841,-0.4630,-0.0034
0.5999,0.0537,0.1899,-0.0969
0.5040,0.1932,0.1467,-0.1107
-0.1867,0.0209,-0.1080,-0.1749
-0.3083,-0.1341,-0.2003,-0.0132
-0.3879,-0.0656,-0.2406,0.1361
0.1758,0.2408,-0.5450,0.1989
0.1951,0.0600,-0.4579,0.2219
-0.0358,-0.0950,0.4353,0.1148
-0.1021,0.3803,-0.2938,-0.1746
0.0276,-0.3597,0.1846,0.1059
-0.4060,0.0664,-0.1940,-0.2358
-0.4711,0.0157,-0.0549,-0.0400
-0.3097,0.2148,0.1191,-0.0728
0.0787,0.1904,0.1905,0.1046
0.4880,0.1370,0.3341,-0.2034
-0.4422,0.1480,0.0121,0.0026
-0.4342,0.0823,-0.1116,0.0174
-0.4450,-0.0073,-0.2773,0.2654
-0.4151,0.1032,0.0411,0.2706
0.0753,0.3478,0.1866,0.5318
-0.1357,-0.5419,-0.0585,0.2362
0.4429,0.0623,0.2896,-0.0316
-0.3046,-0.1398,0.0308,0.2035
-0.3934,-0.1794,0.1572,-0.0061
-0.4789,-0.1937,0.1718,0.0273
-0.2216,-0.1631,0.4233,0.1906
0.1747,-0.3471,0.1789,0.2701
-0.3662,0.0546,0.0902,-0.4651
-0.3567,-0.0011,0.0593,0.0555
0.1770,0.4639,-0.2887,-0.0697
0.0831,0.4035,-0.2196,-0.1575
-0.3523,0.4459,0.3244,-0.1650
-0.4417,0.0883,-0.1962,-0.2043
-0.4731,0.0545,-0.0396,-0.0672
-0.2089,0.1521,0.0008,0.2286
-0.3174,0.1003,0.0100,0.4954
0.2039,0.2047,-0.0145,0.6565
0.0851,0.4217,-0.0168,0.4741
-0.3765,-0.1532,0.0474,-0.3663
-0.1906,-0.2462,0.1262,-0.3718
0.0783,-0.1649,-0.2641,0.1754
0.1043,0.4602,-0.4476,-0.2137
-0.1910,-0.2100,-0.0766,-0.1961
-0.4405,0.1122,0.0588,0.2243
-0.3302,-0.0934,0.1600,0.1409
-0.4807,0.2264,0.1244,0.0453
-0.4183,0.1283,0.1658,0.2163
0.3584,0.2382,-0.0183,0.2236
0.3377,0.2157,-0.0763,0.0262
-0.2723,-0.4482,-0.2661,-0.0271
-0.3551,-0.5700,-0.1255,0.0207
-0.2562,-0.4950,0.0876,-0.0654
0.2280,-0.1608,0.1851,-0.2165
-0.3516,0.4487,-0.3560,-0.1782
-0.3500,0.4225,-0.1859,-0.0525
-0.1821,0.3997,0.1082,0.1445
-0.3397,0.3225,0.2326,-0.0225
0.2516,-0.0549,-0.1678,-0.1749
-0.2961,0.2772,0.3757,0.0437
-0.2105,0.3005,0.4281,0.1913
0.1095,0.3627,0.4107,0.3963
0.3128,0.3935,0.0930,0.4757
0.3641,0.2616,-0.4805,0.0233
-0.4649,-0.0287,-0.2214,-0.2071
-0.5705,-0.1077,-0.1189,-0.2625
-0.5701,-0.2644,0.0816,-0.3388
-0.4148,-0.4932,0.1968,-0.3154
-0.4926,-0.2953,-0.0869,0.0548
-0.3818,-0.4693,0.0852,0.3358
-0.0652,-0.5278,0.1709,0.3215
0.3026,-0.4485,0.2342,-0.2333
0.3523,0.4380,-0.1431,-0.0233
-0.4742,0.4160,0.0748,0.0796
-0.4431,0.4424,0.1663,0.0372
-0.1542,0.4238,0.0778,0.0111
-0.1827,0.4953,0.1368,-0.0855
-0.2627,0.5341,0.1391,-0.2285
-0.2965,0.5590,0.1314,-0.2848
-0.3979,0.5447,0.0371,-0.1082
-0.4729,0.4987,0.0617,-0.0601
-0.4200,0.3636,0.1423,0.0981
0.5688,0.3346,-0.3031,0.2400
0.5517,0.1403,-0.4289,-0.0191
0.3896,-0.1317,-0.5126,0.1297
-0.5872,0.2024,-0.2931,0.1062
-0.5502,-0.0049,-0.2354,0.4958
-0.2486,-0.2665,-0.1372,0.4675
0.0858,-0.2894,-0.0237,0.1198
-0.2761,-0.4728,0.1280,0.0498
-0.3517,-0.4916,0.1037,0.2223
-0.2835,-0.3404,0.1342,0.1955
-0.0829,0.0479,0.2260,0.1047
-0.0639,-0.0073,0.1719,0.2608
0.1158,0.0764,0.1355,0.3954
0.0689,-0.4605,-0.0752,0.4551
-0.2078,0.2552,-0.2967,-0.4879
-0.2592,-0.2363,-0.3151,-0.1101
-0.3896,-0.0905,0.0360,-0.1268
-0.4567,0.2131,0.2268,-0.0307
-0.4046,0.0680,0.4338,-0.0320
-0.2537,0.4330,0.0687,0.2423
0.1865,0.5409,-0.1075,0.1517
0.1284,0.6254,-0.2507,0.0864
-0.1539,0.5382,-0.3264,0.1039
-0.1836,0.1684,-0.5860,0.2739
-0.1090,0.0028,-0.5553,0.4209
0.1518,-0.2506,0.0243,0.3945
-0.5471,0.0159,-0.0696,-0.4246
-0.5940,-0.1949,-0.1525,-0.3262
-0.4901,-0.3000,-0.1704,-0.1434
-0.2406,-0.3830,-0.0714,-0.1826
-0.0767,-0.1098,-0.2160,-0.0959
0.4961,-0.1565,-0.3780,0.1073
0.4327,-0.1289,-0.4203,0.0395
0.2986,-0.1699,-0.1082,-0.1962
0.3392,-0.1933,0.4140,0.0676
0.4951,-0.1376,0.1782,0.0730
0.4631,0.1041,0.2433,0.2343
0.5213,0.0652,0.1833,0.2905
0.5466,0.1389,-0.3566,-0.0432
0.2934,-0.0136,-0.4256,-0.0844
-0.2892,-0.1639,0.2701,-0.0802
-0.2158,-0.1207,0.2944,-0.1097
-0.0242,-0.0349,0.3796,-0.1057
0.6332,-0.1086,0.0012,-0.1366
0.5135,-0.2187,-0.2623,-0.2362
0.3946,-0.2065,0.3315,0.2292
0.5141,-0.1922,-0.0354,0.1221
0.2903,-0.2850,-0.5112,0.2070
-0.4861,-0.0923,-0.0062,-0.0329
-0.2757,-0.1796,-0.1139,0.3288
-0.1805,-0.2141,-0.1477,0.4242
0.6214,0.2494,0.0754,0.0817
0.5560,0.1414,0.0972,0.1025
0.3547,0.3398,-0.1230,-0.3107
-0.3376,0.5385,-0.0094,-0.3740
-0.4102,0.3962,-0.1738,-0.1327
-0.3960,0.0770,-0.2491,-0.1545
-0.2562,-0.2937,-0.0704,-0.2918
0.4847,-0.0293,-0.0374,0.1925
0.3813,0.0121,-0.2333,0.0700
-0.2823,-0.1975,0.2609,-0.1852
-0.5660,0.0076,0.0181,0.0765
0.3653,0.1996,0.1519,0.2946
0.1868,0.3134,-0.1372,0.0343
0.1159,-0.1615,0.4035,-0.3060
0.1725,0.0844,0.0722,-0.3293
0.1984,0.0182,0.4406,0.0712
0.3130,0.0832,0.5015,0.0457
0.3453,0.0444,0.3120,-0.0008
0.1753,-0.0617,0.2393,-0.1977
-0.2270,-0.3353,0.1088,0.4165
-0.2239,-0.1813,-0.3052,-0.4628
-0.0037,-0.4082,0.1872,-0.2854
-0.0880,0.5421,0.3876,0.1276
0.4797,0.4263,0.2013,0.0920
0.3814,0.5524,-0.0012,-0.0594
0.0234,0.5369,-0.0422,-0.0745
0.0107,0.5360,0.0377,0.1235
-0.3706,0.3319,0.0592,0.3265
-0.4587,0.2371,-0.1276,0.1375
-0.1117,0.2609,-0.0676,0.6027
0.2129,0.1679,-0.0780,0.2238
-0.0693,0.3664,0.0563,0.0596
-0.4402,0.3297,0.2095,0.0439
-0.2924,0.1298,-0.1703,0.0154
-0.4011,0.1310,-0.2075,0.2231
-0.3689,-0.0706,-0.1616,0.4253
-0.0277,-0.0709,-0.0994,0.4729
0.1946,-0.0937,-0.6056,0.4100
0.4027,0.1101,0.2470,0.3312
-0.0672,-0.1107,0.4071,-0.3714
-0.0570,0.1549,0.1694,-0.5641
0.0109,0.0379,0.2509,-0.2615
0.2732,0.0382,0.2151,0.2508
-0.2879,0.2244,0.1937,-0.2293
0.4870,0.0435,-0.1746,-0.4385
-0.2004,0.0804,0.3860,0.0977
0.4953,-0.1556,0.3765,-0.1329
0.5103,-0.1915,-0.0251,0.0570
0.4591,-0.1629,0.2164,-0.0763
-0.1356,-0.3987,-0.2556,-0.1326
0.4142,-0.3735,-0.0085,-0.0868
-0.1568,0.1187,0.0075,-0.2390
-0.5326,0.2364,-0.3466,0.1275
-0.4896,-0.1483,-0.3934,0.2736
-0.1110,-0.3446,-0.2113,0.4238
0.0791,0.1704,-0.1536,0.3849
0.4012,0.3347,0.0791,-0.3219
-0.4776,0.3388,0.1623,-0.1830
-0.4288,0.4241,0.1241,-0.1317
-0.3123,0.4501,0.0067,0.1914
-0.2956,-0.0716,-0.0195,0.2693
-0.2368,-0.2571,0.4724,0.2007
0.0703,-0.1825,0.5296,0.3470
0.3835,0.0076,0.4190,0.2078
0.2669,0.1666,0.1989,-0.1821
-0.2285,-0.0357,-0.3022,-0.1731
-0.0676,-0.4304,-0.1601,-0.0712
-0.4718,0.3623,-0.0708,-0.0870
-0.3788,0.2584,0.0527,-0.0114
0.4183,-0.0926,-0.0751,-0.1147
0.3276,-0.1918,-0.2271,-0.0865
-0.3725,0.4163,-0.2203,-0.1536
-0.2831,-0.1773,-0.0865,0.3450
0.3996,0.0339,0.5746,0.0879
-0.2055,-0.3391,-0.2323,-0.1391
-0.4266,0.0202,-0.0985,-0.0716
-0.3439,-0.1145,0.2329,0.0736
0.0816,-0.1133,0.3576,0.2547
-0.2882,-0.1752,0.3740,0.0461
-0.1250,-0.0471,0.5295,0.1191
0.3466,0.2914,0.4942,0.0813
0.4639,0.3256,0.3788,0.0539
0.5374,-0.4967,0.0623,0.1484
0.5878,-0.4490,0.1163,0.0834
0.6040,-0.1379,0.0046,-0.1777
0.4117,-0.0941,-0.0463,-0.2128
-0.4693,-0.1078,0.2532,0.2126
-0.3832,-0.1194,0.4378,0.0794
-0.3393,0.2127,-0.1115,-0.0617
-0.3790,0.1264,-0.2639,0.0743
0.1867,-0.0866,0.0293,0.4217
-0.1339,-0.2371,-0.1639,-0.1141
-0.0821,-0.2293,-0.3240,-0.1674
-0.1890,-0.4232,-0.0482,0.0362
-0.0777,-0.3852,-0.0187,0.1923
-0.1203,-0.3043,-0.1256,0.2499
-0.1638,-0.4056,0.0759,-0.2214
-0.2147,-0.5510,0.0398,-0.1192
-0.0813,0.0355,0.0821,-0.4299
-0.0875,-0.0963,-0.2369,-0.2019
-0.2794,-0.1452,-0.0557,-0.3957
0.0452,-0.0497,0.3705,-0.1427
0.3281,-0.1736,0.4103,0.0175
-0.3275,0.0641,0.3443,0.1686
-0.1239,0.1992,0.3566,0.2518
-0.0713,0.3924,0.0767,0.1915
-0.3475,-0.1976,-0.1192,-0.0032
0.3957,0.1423,0.3939,0.1365
0.0919,-0.1546,0.0397,-0.2606
0.1227,-0.0577,0.1771,0.1715
0.1681,0.1527,0.0403,0.3588
-0.1186,0.1408,-0.1629,0.1045
-0.2116,-0.0858,0.2739,0.1680
-0.1335,-0.0363,0.3137,0.2914
0.0109,-0.0217,0.2347,0.3225
-0.4109,-0.1632,0.0916,-0.1395
-0.2898,-0.0968,0.2814,-0.1103
0.3265,0.2150,0.0213,-0.0571
0.1722,0.2958,-0.1446,0.0367
0.2711,0.1679,-0.2902,0.1517
0.3935,0.1659,-0.5119,0.1893
0.4017,0.2473,-0.6068,-0.0747
0.6968,0.0078,-0.0254,-0.3076
0.6760,-0.0138,-0.0509,-0.3287
-0.0955,-0.2089,0.0569,-0.5879
-0.0949,-0.4471,0.1108,-0.1601
0.0487,-0.0570,0.4135,0.1957
0.2178,0.0075,0.2449,0.2380
-0.0742,-0.4407,0.1422,-0.0591
-0.1047,-0.0606,0.0886,0.2868
0.4110,-0.0970,0.3778,-0.1366
0.3210,0.2240,0.2532,-0.2930
-0.3833,-0.2280,-0.3266,0.1668
-0.3834,-0.1650,-0.1737,0.3452
-0.2628,-0.1849,0.1557,0.3912
0.2235,-0.0993,0.0940,0.5951
-0.2335,-0.0753,-0.2589,0.1837
-0.2663,-0.1265,-0.2217,0.1029
-0.1756,-0.0753,-0.3288,0.2703
0.4852,-0.1450,-0.2036,-0.1964
0.4729,-0.2070,-0.3335,-0.0701
0.4866,-0.1356,-0.1650,-0.3394
0.4318,-0.2479,-0.1978,-0.2843
-0.0201,-0.1727,-0.2732,-0.4238
-0.0532,-0.2852,0.1871,-0.4620
0.0970,-0.4095,0.2913,-0.3635
0.2623,-0.3738,0.2405,-0.2665
0.2439,-0.4383,-0.0704,0.0889
-0.2303,-0.4503,-0.0515,-0.2737
-0.1803,-0.5869,0.0423,-0.0496
0.1443,-0.5394,0.2002,0.0287
0.4151,-0.3061,0.2866,-0.1683
0.5669,-0.0478,0.0273,-0.0978
0.3610,-0.1848,0.0013,-0.2137
0.5910,0.1485,-0.0905,-0.2444
0.3992,-0.0040,-0.3225,-0.2500
-0.1056,-0.4189,-0.4080,0.2158
0.3903,0.0766,0.2172,-0.2486
-0.2852,-0.3966,0.0545,-0.2825
0.3039,0.0986,-0.3109,-0.0979
-0.2292,-0.3936,0.1452,-0.3777
0.4124,-0.0018,0.5520,-0.2136
0.3807,0.2323,0.4109,-0.2514
-0.4086,0.2191,-0.2933,-0.1035
0.4875,0.1606,0.2620,0.1932
0.5076,-0.2072,0.0932,-0.0542
0.6142,0.0778,-0.0093,-0.2987
0.4588,-0.0530,-0.3305,-0.1933
0.0761,-0.4389,-0.1944,0.4801
0.6985,-0.0990,0.0890,-0.1874
0.6628,-0.0581,-0.2591,-0.2158
0.4694,-0.1124,-0.5684,-0.1492
0.4528,0.0093,0.1797,0.0316
0.4738,-0.0753,0.1148,0.1790
0.3382,0.3328,-0.0648,-0.1697
0.3729,0.0143,-0.1888,-0.1842
0.0416,-0.1361,-0.4098,-0.0231
-0.2635,-0.3394,-0.0520,-0.0283
-0.1223,-0.4191,0.2660,0.0841
0.1751,-0.3491,0.3546,0.2899
0.3944,-0.2373,0.1725,0.3642
0.4944,-0.2023,0.0224,0.3639
0.4105,0.1757,-0.3391,0.0059
0.1993,-0.0172,-0.4947,-0.1685
-0.4720,0.2212,-0.1970,-0.1069
-0.3461,-0.0791,-0.1113,0.4580
0.5700,-0.0313,-0.2648,0.0687
0.4781,-0.0160,-0.4236,0.2514
-0.2974,-0.2438,-0.4892,0.4159
0.0747,0.2082,0.3832,0.1149
0.0673,0.2038,0.2266,-0.1863
0.0401,0.2597,-0.3350,0.0142
-0.0256,-0.0480,0.0507,-0.3876
-0.1430,-0.1012,0.3179,-0.2899
0.0027,-0.0982,0.4411,-0.0915
-0.0971,-0.2145,-0.2723,-0.3312
-0.1906,-0.4307,-0.0162,-0.0687
-0.3289,-0.4064,0.0028,-0.4737
-0.1654,-0.5760,0.2063,-0.0044
-0.4471,0.3843,0.0745,-0.4457
-0.5339,0.3641,-0.0497,-0.3678
-0.6266,0.2896,-0.1406,-0.2299
-0.6598,0.1887,-0.0679,-0.2682
-0.3927,0.0186,0.1372,-0.1852
0.3219,-0.1927,-0.4512,0.1520
0.2787,-0.0317,-0.5338,0.1475
0.4030,-0.1402,0.0204,-0.1968
-0.0320,-0.0370,0.0986,-0.2514
-0.0381,0.0703,0.2390,-0.4544
