0.4380,0.0674,-0.1886,-0.2910
0.3501,-0.1759,-0.3471,-0.1546
0.2750,0.1858,-0.0387,0.3346
0.2786,0.1458,0.1717,0.4079
0.2520,-0.2159,0.0642,-0.2613
-0.0086,-0.0832,-0.1691,-0.0838
0.3339,-0.0436,-0.2604,0.0986
0.0588,-0.1239,-0.3308,0.0656
0.4818,0.0551,-0.0272,-0.0992
-0.7018,0.0145,-0.0037,-0.0783
0.0293,0.3748,-0.1889,-0.2430
0.3530,0.4963,0.1030,-0.0999
0.4549,0.1506,0.3103,-0.0114
-0.4338,0.2667,0.2826,-0.3666
-0.3177,0.3140,0.3056,-0.3401
-0.4154,0.0958,-0.1303,-0.3902
0.5757,0.1297,-0.0904,0.1063
-0.0011,-0.1733,-0.1620,0.3497
-0.0717,-0.1937,-0.2594,0.3503
0.1324,-0.4042,0.2240,-0.1977
0.1818,-0.4414,0.3783,-0.0667
0.2242,-0.1371,-0.3540,0.0264
0.1778,0.0687,-0.1736,0.0644
0.4775,0.2692,-0.2468,-0.0644
0.4858,-0.0825,-0.1301,-0.0580
-0.2038,0.5305,0.2821,0.0498
0.1020,0.5611,0.3006,-0.1748
0.2970,0.2552,0.1971,-0.2259
-0.2703,0.6175,0.2882,-0.0349
-0.0799,0.5279,0.3667,-0.0188
-0.6290,0.0745,-0.2184,0.1271
-0.5121,0.0458,-0.1790,0.1918
0.3313,-0.2062,-0.3001,0.1223
0.3703,-0.1006,-0.1285,0.2726
0.2915,0.1705,-0.0511,0.2159
-0.0827,0.6092,-0.1263,0.0054
-0.0301,0.4761,0.0137,0.0279
-0.1145,-0.4932,-0.3828,-0.0969
0.2025,0.5548,-0.0321,-0.2206
0.0618,-0.3910,0.4516,0.0248
0.4113,0.4549,0.3338,-0.2382
0.5117,0.1416,0.3862,-0.2409
0.4645,-0.0086,0.1347,-0.2086
-0.0700,0.4487,0.0839,0.3119
-0.4815,-0.1439,-0.2294,-0.1087
0.4554,0.0948,0.0649,-0.2404
0.5597,0.0066,0.1724,-0.2214
0.6012,-0.1830,0.2157,-0.0737
0.4012,-0.2101,0.1407,0.1578
-0.2077,-0.2493,-0.3455,0.1454
0.3235,-0.2065,0.2318,-0.0112
-0.2956,-0.1392,0.3073,-0.3904
0.4610,-0.2194,-0.1625,-0.3265
0.5054,-0.3963,0.1807,-0.1548
0.3693,-0.5551,0.2391,-0.1945
0.1758,-0.6399,0.1195,-0.0878
-0.1562,-0.4887,0.2711,0.1184
0.4357,0.2427,0.0127,-0.1338
0.2517,0.1465,0.0444,-0.1177
-0.1624,0.6430,0.1518,0.2272
-0.0774,0.5099,0.2737,0.2829
-0.1124,0.3026,-0.2846,-0.3774
0.4252,0.3417,0.0755,-0.1316
0.5306,0.1078,-0.0651,-0.1497
0.4454,0.0176,-0.3405,0.0319
0.2561,-0.3609,-0.2324,0.0719
-0.4792,-0.1396,-0.1280,-0.1789
-0.3394,0.1727,-0.1750,-0.2350
0.5644,-0.0962,-0.1380,0.2026
0.5422,-0.0942,-0.0102,0.2427
0.0891,0.2996,0.0295,0.2466
-0.0113,0.6664,-0.1401,0.0374
0.3231,-0.0625,0.0043,-0.0775
0.4325,-0.0057,-0.0077,-0.2832
0.4080,-0.1843,0.1561,-0.3205
0.3926,0.1970,0.6014,0.0291
0.4027,-0.0186,0.4734,0.1397
-0.3836,0.0097,0.0058,0.1919
-0.3389,0.0013,-0.1039,0.2768
0.3812,-0.2353,0.3649,-0.0480
0.3884,-0.2755,0.5734,0.0304
0.1476,-0.3931,0.4664,-0.0620
-0.0773,0.1197,0.0838,0.1393
0.3056,0.4607,-0.0895,0.4120
0.2732,0.2557,-0.2217,0.5409
0.1098,0.1882,-0.2358,0.6104
0.0328,0.3093,0.0285,0.1983
-0.2853,-0.2162,-0.2464,0.0841
-0.1672,-0.3993,-0.2348,0.1806
-0.2304,-0.2395,-0.1448,0.2771
-0.4472,0.0002,-0.0822,0.2827
-0.5755,0.2112,-0.0442,0.2630
-0.2343,0.3983,0.0322,-0.0987
0.3108,0.1390,-0.2555,-0.3209
0.5588,-0.0779,-0.1063,-0.2809
0.6608,-0.2539,0.0256,-0.2927
0.6204,-0.3694,0.0137,-0.3445
0.2612,0.0225,0.1653,0.4436
0.2737,-0.2087,0.2082,0.4571
0.1009,-0.3304,0.2397,0.4103
-0.4275,-0.1679,0.4193,-0.4368
-0.4590,0.3043,-0.2278,0.0152
0.4483,-0.0460,-0.0280,-0.0534
0.3321,0.0693,0.0440,-0.2620
-0.1378,0.0559,-0.5900,-0.3365
-0.0888,-0.0704,-0.5834,-0.2942
0.0029,-0.1346,-0.5413,-0.2138
0.1112,-0.0142,-0.5100,-0.1682
0.2877,0.1323,-0.2734,-0.1703
0.4482,0.0733,-0.1879,-0.1256
0.4695,-0.1638,-0.1854,-0.0988
-0.4196,0.6028,0.0512,-0.0632
-0.3433,0.4735,0.0358,-0.2998
-0.2480,0.3321,-0.0308,-0.4303
0.6943,0.2265,0.1545,0.0426
0.7050,-0.0418,0.3612,0.1226
0.5181,-0.1745,0.4142,-0.0316
0.4536,-0.2045,0.2711,-0.1244
0.3046,-0.4708,-0.1138,0.0190
0.3376,-0.5322,-0.0538,0.2178
0.2563,-0.5121,0.0123,0.3603
0.0443,-0.3920,-0.1873,0.2027
-0.0079,-0.4151,-0.2440,0.1038
-0.0874,-0.3092,-0.2774,-0.0466
0.3465,0.0066,0.3504,-0.0421
0.4453,0.4517,-0.2865,0.0467
0.5470,0.2297,-0.2897,0.1301
0.4787,0.0127,-0.1028,-0.0158
0.3127,-0.3327,-0.4269,-0.2809
0.1582,-0.4440,-0.3989,-0.1822
-0.0469,0.0891,-0.5999,0.3910
-0.3417,0.3488,-0.4603,0.0231
-0.2683,0.3844,-0.4385,0.0106
-0.0664,0.4652,-0.3615,0.0670
0.2534,0.5174,0.2154,0.2020
0.2886,0.2853,0.2079,0.0275
0.0880,-0.2829,0.2891,-0.0115
0.5292,-0.0035,0.0049,0.0629
0.6885,0.0522,0.2088,-0.0427
0.6957,-0.0824,0.2437,-0.1780
0.6505,-0.2063,0.1273,-0.1971
0.3796,-0.0730,-0.5533,0.1738
-0.1121,0.2445,-0.3938,-0.2308
-0.1795,0.3469,-0.2666,-0.2393
-0.1261,0.4693,-0.1318,-0.1864
-0.5484,-0.3632,0.1548,0.0202
-0.6056,-0.2063,0.2004,-0.0480
-0.5371,-0.2621,0.0856,0.3033
-0.5261,-0.2109,-0.0528,0.3469
-0.4360,0.6385,0.1300,0.2738
-0.2765,0.5363,0.2419,0.1419
0.1056,-0.3893,0.3366,-0.4031
0.0466,-0.3686,0.2462,-0.3360
-0.0211,-0.3208,0.1467,-0.2361
-0.3272,-0.1869,-0.1909,-0.0677
-0.1503,-0.1935,-0.2825,-0.0927
-0.4678,-0.2681,-0.0707,0.3557
-0.4391,0.0427,-0.1492,0.2861
-0.1680,0.2913,-0.2055,0.3092
0.4650,-0.0215,-0.3233,0.1522
0.4162,-0.0310,-0.2553,0.2474
0.3328,-0.0683,-0.1161,0.3157
-0.7146,-0.0830,-0.2375,0.0987
-0.7084,-0.1009,-0.1350,-0.0109
-0.4508,0.2273,-0.3779,-0.1032
0.3523,0.4716,-0.1399,-0.2278
0.4189,0.4519,0.0195,-0.1778
0.4131,0.4807,0.1808,-0.2584
0.4819,0.3348,0.2928,-0.2644
-0.2672,0.0694,0.1445,0.2272
-0.1383,0.3067,0.0109,0.2837
0.1187,-0.4544,-0.2723,0.2267
0.5138,-0.1662,-0.0259,0.0265
-0.4946,0.0129,-0.0232,0.4020
-0.2087,0.1967,0.0602,0.3361
-0.0879,-0.1979,0.1811,-0.4100
-0.0032,0.0101,0.2318,-0.1122
-0.2578,-0.3700,0.3610,0.0614
-0.4749,-0.3137,0.3045,0.0678
-0.5241,-0.1862,0.2667,0.0367
-0.4360,-0.2035,0.2128,0.1599
0.3091,0.0141,-0.2885,0.2061
0.3605,0.4227,-0.2643,0.1225
0.0121,-0.0432,0.1087,-0.1457
-0.2999,-0.0180,-0.1678,0.0709
-0.6195,-0.0804,0.0138,-0.1904
-0.5164,0.1539,-0.0785,-0.1777
-0.2803,0.1242,-0.0840,-0.1901
-0.1803,0.1158,-0.3699,-0.0186
-0.0626,0.2281,0.1470,0.2666
0.2287,0.0107,0.4023,0.1043
-0.0001,-0.1504,0.2400,0.2766
-0.0980,0.2440,-0.0907,0.1754
-0.1486,-0.2459,-0.2530,-0.1143
0.0964,0.1198,0.2021,-0.4825
0.2834,0.1517,-0.1949,0.1286
0.3610,0.0866,-0.1872,0.2656
0.5303,-0.3167,0.1239,-0.0107
0.2734,-0.3749,-0.0207,0.0202
0.2288,0.2140,-0.2773,-0.0346
-0.2066,-0.1706,0.1629,0.0622
-0.2700,-0.0074,-0.2025,-0.4526
-0.2235,0.1195,-0.0732,-0.3926
-0.1236,0.0702,-0.1029,-0.2511
-0.4194,-0.2844,-0.3117,0.1620
0.2703,0.0313,-0.0431,-0.4109
-0.2841,0.3864,-0.1181,-0.3721
0.0001,-0.4552,0.4308,-0.0586
-0.7040,-0.1081,0.2032,0.0762
-0.6852,0.1246,0.1486,0.0807
-0.4719,-0.4401,0.2008,0.0413
0.3012,0.4443,-0.0216,-0.3812
-0.2380,-0.0722,0.1782,-0.2596
0.1085,0.5112,-0.1348,0.2154
0.6230,0.2480,-0.2704,0.3431
0.5981,0.1673,-0.2210,0.3695
0.3840,0.0513,-0.2487,0.3315
0.1165,0.1932,0.1761,0.1131
-0.4028,0.3838,0.0222,-0.0495
0.4847,-0.1858,-0.1539,-0.1548
0.5637,-0.2335,-0.0154,0.0019
0.4968,-0.1830,-0.0339,0.1991
0.1331,-0.3727,-0.3576,-0.2600
-0.0513,-0.5896,-0.4545,-0.1805
-0.2339,-0.5594,-0.4410,-0.2001
-0.3332,-0.4068,-0.4367,-0.1798
-0.2424,-0.1176,-0.5169,-0.1669
0.1341,0.0582,-0.6502,-0.0865
0.1598,0.0260,-0.3639,0.2849
0.4417,0.3169,0.3349,-0.1553
0.4024,0.2174,0.1238,-0.2870
-0.5868,0.3434,-0.0270,-0.3462
-0.4577,0.3732,-0.1256,-0.4307
0.0676,0.5883,-0.2280,0.1008
0.1479,0.0881,0.4944,0.0075
-0.5174,-0.3252,0.2888,-0.3065
0.4637,0.0023,0.2559,-0.1651
0.6800,0.0008,0.0623,0.1761
0.4901,-0.2054,0.1752,0.1480
0.1206,-0.1465,0.1475,0.0778
-0.0148,-0.4538,0.5075,0.0206
-0.1659,-0.5461,0.5352,0.0082
-0.5440,-0.4784,-0.1222,-0.0690
-0.6189,-0.3570,-0.1295,-0.0792
-0.6138,-0.2766,0.2597,-0.0532
-0.6764,-0.2218,0.1937,-0.1049
-0.6510,-0.0523,0.2313,-0.2212
-0.6411,-0.0317,0.0796,-0.3307
-0.0330,-0.4876,-0.0938,0.1861
0.0012,-0.4645,0.0081,0.1404
0.3158,0.2876,0.1122,0.1362
0.2605,0.4106,0.1650,0.1959
-0.1325,0.0354,-0.0016,0.0625
0.1734,0.3379,-0.0206,-0.2433
0.3046,-0.0737,-0.3780,0.1999
0.3259,-0.3711,-0.3623,0.2343
0.2844,-0.4497,-0.3708,0.1788
0.2968,-0.3818,-0.1989,0.0969
0.0003,-0.1347,-0.3283,-0.1240
0.1648,-0.2195,-0.0483,-0.1547
0.1575,0.1898,-0.0966,-0.3384
0.1117,0.3264,0.0678,-0.1138
0.3283,0.0641,0.2613,0.0871
-0.1885,-0.6179,0.1822,0.0584
-0.3318,-0.5705,0.1956,-0.0534
-0.0497,-0.5067,0.0948,0.2592
-0.2574,-0.3757,0.1829,0.2004
-0.2361,0.0208,0.1134,0.2153
0.4896,0.1666,0.2188,0.0373
-0.4608,0.0428,0.0005,0.0178
-0.0766,-0.0491,-0.4370,-0.0553
-0.0886,-0.0149,-0.3267,-0.0217
-0.2011,0.2809,-0.1626,0.1077
0.3687,-0.1940,-0.2275,0.0040
-0.1693,-0.3256,0.1321,0.3031
-0.1554,-0.3566,0.1254,0.2867
-0.2784,-0.2834,0.0261,0.3249
0.2896,-0.0679,0.1040,0.4559
0.0791,-0.2506,0.0910,0.5031
-0.3539,0.3881,-0.1137,0.1063
-0.3609,0.4549,-0.1646,-0.0370
-0.3064,0.4516,-0.2211,0.0251
-0.3078,0.4927,-0.1555,-0.0477
-0.1495,0.6178,-0.1054,-0.1434
-0.4728,0.1394,-0.2391,0.3096
-0.4837,0.1732,-0.2870,0.2024
0.3601,0.1846,-0.2661,-0.3471
0.3478,-0.0779,-0.2020,-0.2196
-0.3217,-0.5525,0.2942,0.1330
-0.4281,-0.3155,0.2211,-0.0612
0.2703,-0.0545,0.0725,-0.5027
0.1143,-0.1656,-0.1329,0.4541
-0.3846,-0.3538,0.0923,0.0753
-0.3055,-0.0802,-0.1340,0.0776
0.1152,0.3458,0.0396,0.5759
0.1641,0.2187,0.0329,0.6326
0.0364,0.1032,0.1006,0.5250
-0.3292,0.0583,0.2043,0.4407
0.1756,0.2712,0.2689,0.3887
0.2378,0.2915,0.3013,0.4024
0.2101,0.2190,0.3241,0.4593
-0.2161,0.1242,0.4840,0.2097
-0.1659,0.2692,0.5667,0.1837
-0.3056,0.2257,0.3693,-0.0652
-0.1974,0.3089,0.3678,-0.1962
0.3421,0.5165,0.1444,-0.0490
0.2907,-0.4214,0.0006,-0.3112
0.1275,-0.5763,-0.0945,-0.2771
-0.0628,-0.4423,-0.1252,-0.2660
-0.0482,-0.3376,-0.1106,-0.3308
0.3094,-0.1502,0.1134,-0.3798
0.3201,-0.3552,0.2197,-0.3492
0.0864,-0.4486,0.2222,-0.2898
-0.1304,-0.5018,0.1432,-0.2067
-0.3389,-0.3445,-0.0084,-0.1848
-0.2036,-0.2988,-0.1265,-0.2611
-0.5284,0.1711,0.0041,-0.4401
-0.2840,0.2809,-0.0727,-0.3219
0.0274,0.4138,0.0310,-0.2890
-0.5347,-0.0023,-0.3004,-0.2927
0.0882,0.0910,-0.0615,0.0169
-0.0417,0.3070,-0.2359,-0.3388
0.3672,0.0181,0.1940,-0.0300
-0.6071,-0.3178,-0.1419,0.1191
-0.6008,-0.0387,-0.2446,0.1739
0.1817,0.5592,0.2766,0.0977
-0.6050,-0.1044,0.2271,-0.0477
-0.6175,0.1600,0.0574,-0.1281
-0.6744,0.1935,-0.2006,0.0047
-0.4902,0.2039,-0.2039,-0.1120
-0.0462,-0.0022,0.1908,0.3692
-0.6544,0.1158,0.2433,0.3838
-0.5233,0.3450,0.1618,0.3315
-0.2072,0.4598,0.2173,0.2967
-0.6803,-0.1254,0.0340,0.3390
-0.6886,-0.0994,0.0353,0.2945
-0.4529,0.4274,0.3263,0.0129
-0.3699,0.1524,-0.2177,-0.2783
0.0204,0.4518,-0.1813,-0.3950
0.2109,-0.1316,0.1050,0.0024
0.0062,-0.3369,0.0774,-0.0025
-0.2083,-0.2915,0.0961,0.0903
-0.3966,-0.1284,0.1114,0.1962
-0.5438,-0.0395,-0.0853,0.2000
-0.2392,0.6137,0.2130,-0.2473
0.3190,0.5322,0.0020,-0.1561
0.4911,0.0901,0.1803,0.0877
0.1438,0.1552,0.2750,-0.1847
-0.6187,0.2957,0.2607,-0.1426
-0.4912,0.3701,0.2548,-0.2809
0.5460,0.2320,0.3428,0.2205
-0.2835,-0.4101,0.4414,0.1485
-0.2695,-0.1635,0.4974,0.0467
-0.0149,0.1786,0.5852,-0.0654
0.1895,0.3979,-0.1835,-0.3532
0.0517,-0.6030,-0.3257,-0.1417
-0.1676,-0.6962,-0.2300,-0.1355
0.1820,0.1357,-0.3278,-0.0120
0.1571,0.0292,-0.2266,0.0459
0.5695,-0.2926,-0.1080,-0.0255
0.3573,-0.6086,0.0152,0.1000
0.4141,0.1288,-0.4314,0.1722
0.5180,0.1817,-0.4366,0.1385
0.6035,0.1326,-0.2805,0.2504
0.5213,0.0434,-0.1555,0.2813
0.3589,-0.0573,-0.1997,0.1465
0.0043,0.2138,0.2515,-0.0686
0.1276,0.3997,0.3691,-0.0906
-0.5028,-0.2075,0.4265,-0.2886
-0.3039,0.1305,-0.1610,-0.0217
-0.0823,-0.0966,0.0777,-0.2921
