0.2895,0.1916,-0.1246,0.3611
0.2460,-0.0948,0.0262,0.3046
0.1701,0.0974,0.2412,-0.2296
0.0808,-0.0091,0.1247,-0.3526
0.1631,-0.0614,-0.3126,0.0102
0.0403,-0.1675,-0.1325,0.2512
0.1195,-0.0300,0.1686,-0.2061
-0.0336,-0.2421,0.0126,-0.1243
0.3231,0.1315,-0.0995,0.0710
-0.5604,-0.1621,-0.1219,0.2250
-0.0709,0.2166,0.0352,-0.0604
0.1045,0.4921,-0.0589,-0.0861
0.1639,0.2890,-0.1853,-0.3709
-0.3756,0.1227,-0.1730,0.1752
-0.3510,0.2118,-0.3022,0.1787
-0.2528,0.0667,-0.0906,0.1766
0.4851,0.2054,0.1142,-0.0365
-0.0122,-0.0331,0.1950,-0.2722
-0.0199,-0.1634,0.2130,-0.2249
0.1626,-0.0704,-0.1975,-0.0364
0.2017,-0.0816,-0.2946,-0.0612
0.5274,-0.0948,0.1184,0.4722
0.3039,0.0408,0.2072,0.3588
0.3114,0.3094,0.3340,-0.0013
0.3973,0.0676,0.0453,-0.0882
-0.3726,0.5165,-0.0319,0.2136
-0.1623,0.7099,-0.1505,0.1584
0.0756,0.5231,-0.1583,0.1660
-0.4338,0.5171,-0.1827,-0.2383
-0.2724,0.5527,-0.2269,-0.2892
-0.5523,-0.1870,0.2558,-0.0406
-0.4850,-0.1386,0.3022,-0.1353
0.2206,0.0007,0.3916,-0.1006
0.3096,0.0075,0.3970,-0.2263
0.1810,0.0755,0.2794,-0.2367
-0.1433,0.3548,0.2234,-0.1894
-0.1527,0.2884,0.1341,-0.3595
-0.0355,-0.4437,0.1101,0.0977
0.1023,0.3564,0.1216,0.2031
0.1618,-0.1160,-0.5168,-0.1511
0.1460,0.3373,-0.0716,0.1473
0.2378,0.1251,-0.2307,0.1163
0.2478,0.0030,-0.2053,0.3605
-0.0797,0.0942,0.2930,-0.0557
-0.1517,-0.2473,-0.0155,0.3911
0.4114,0.0706,-0.1168,0.3110
0.4764,0.1551,-0.2189,0.2227
0.5608,0.0879,-0.2139,0.2190
0.4297,-0.0984,-0.0786,0.1909
0.0459,-0.1567,0.3182,0.2306
0.0984,-0.0942,-0.2308,-0.1846
-0.2365,-0.1237,-0.3654,0.3626
0.4066,-0.0767,-0.1135,0.1602
0.4137,-0.0957,-0.0990,0.0096
0.3947,-0.1603,-0.2827,-0.0115
0.3243,-0.3629,-0.3499,0.1032
-0.1538,-0.2949,-0.2781,-0.3052
0.2066,0.1077,-0.1092,0.0404
0.1076,-0.0596,-0.1047,0.0773
-0.3112,0.3070,0.1721,-0.0669
-0.3498,0.3659,0.0266,-0.2743
0.0074,0.0218,-0.0313,0.2280
0.2988,0.3937,-0.0237,0.1152
0.4059,0.1719,-0.1590,0.1274
0.3558,-0.0138,-0.0067,0.2866
0.3346,-0.1605,0.3168,-0.1641
-0.2021,-0.1590,0.2478,0.1686
-0.2004,0.1390,0.2965,0.2202
0.4864,0.0908,0.0990,0.0358
0.3816,0.0353,0.0709,-0.0530
-0.0906,0.2228,0.2324,-0.3373
-0.1395,0.6376,0.2141,0.0899
0.1711,0.1374,-0.0837,-0.3079
0.4312,-0.0393,-0.1097,0.4180
0.4725,-0.0953,-0.1107,0.3653
0.2631,0.2874,-0.3351,0.0354
0.3112,0.1488,-0.3828,0.0062
-0.2944,-0.0923,0.1468,0.1894
-0.2870,-0.0226,0.2744,0.0082
0.2267,0.0896,-0.0928,-0.3302
0.2266,0.0264,-0.3256,-0.4131
0.0798,-0.1479,-0.4021,-0.2395
-0.2205,-0.0324,-0.0982,-0.0417
0.1540,0.2670,0.2027,-0.0977
0.2797,0.0819,0.3167,-0.1333
0.1522,-0.1078,0.2883,-0.2108
0.0945,0.0248,-0.0493,0.2686
-0.0942,-0.2612,0.2176,-0.1146
0.0047,-0.3243,0.2191,-0.1633
-0.1048,-0.3498,0.1431,-0.1065
-0.3404,-0.2800,0.1028,-0.0011
-0.4101,-0.0401,0.1622,0.1450
-0.1022,0.3191,0.0008,0.0835
0.1769,0.1024,0.2096,0.0643
0.4578,0.1030,0.1257,0.0744
0.6363,-0.0114,-0.0853,0.0522
0.5544,-0.1312,-0.2134,0.1209
0.0788,-0.0269,0.0834,-0.4242
0.1275,-0.2198,-0.0624,-0.3980
0.0267,-0.2857,0.0232,-0.2600
-0.4868,0.0548,-0.3988,0.0513
-0.4089,0.0660,0.1140,0.1573
0.2240,-0.0417,0.1286,-0.0331
0.1266,-0.0162,-0.0254,0.0211
0.0060,-0.0721,0.0731,0.2311
0.1769,-0.1503,0.1452,0.3263
0.2485,-0.1858,0.2281,0.2803
0.2822,-0.1518,0.2189,0.2654
0.3043,-0.0406,0.2304,0.2871
0.3687,0.0575,0.0695,0.2436
0.4125,-0.0694,-0.1069,0.2279
-0.5200,0.4877,0.0776,0.0511
-0.4420,0.4782,-0.0826,0.1070
-0.2662,0.3540,-0.0940,0.2495
0.5563,0.4098,-0.0018,-0.1898
0.5313,0.2467,-0.3028,-0.3483
0.2969,0.1511,-0.4065,-0.1889
0.2552,0.1031,-0.2428,0.1543
0.4288,-0.2778,-0.0053,-0.1186
0.4441,-0.3802,0.0544,-0.2333
0.3187,-0.3591,0.0493,-0.2398
0.0851,-0.4314,0.0111,0.0612
0.0950,-0.3954,0.0629,0.1474
0.0976,-0.3798,0.1103,0.2581
0.0692,0.1007,-0.1776,-0.2496
0.2704,0.4511,0.2822,0.0614
0.3535,0.2379,0.2344,-0.1111
0.4418,-0.0098,-0.0149,0.0574
0.2664,-0.2235,0.2372,0.1838
0.2318,-0.3216,0.1818,-0.0079
-0.0586,-0.2217,0.3906,-0.0595
-0.3331,0.1585,0.3344,0.1849
-0.1933,0.2375,0.2899,0.1697
-0.0249,0.2523,0.2250,0.0306
0.1619,0.5960,-0.0784,-0.0970
0.1645,0.4644,-0.2674,-0.0919
0.0912,0.0214,-0.3484,0.0418
0.5341,0.1759,0.0030,0.0279
0.6225,0.2287,-0.2488,-0.0071
0.6529,0.1441,-0.3200,0.1326
0.6648,0.0324,-0.3291,0.3112
0.2370,-0.1007,0.3878,0.0226
-0.1203,0.0402,0.2322,0.3114
-0.2036,0.1146,0.1933,0.2890
-0.3036,0.1998,0.0355,0.1376
-0.3246,-0.3495,-0.1189,-0.1765
-0.4896,-0.2726,-0.1760,-0.1025
-0.3336,-0.2541,0.0102,-0.0430
-0.3528,-0.3005,0.0780,0.0734
-0.5994,0.4123,0.1663,-0.1783
-0.3972,0.3888,-0.0804,-0.2486
0.0758,-0.1314,-0.3582,0.2299
0.1277,-0.1479,-0.3025,0.2196
0.0410,-0.2642,-0.2681,0.3156
-0.2091,-0.1864,0.2714,0.1063
-0.0741,-0.1054,0.2988,-0.0087
-0.4091,-0.3322,0.3001,-0.1449
-0.4132,-0.0867,0.4706,-0.1506
-0.1666,0.1418,0.6036,-0.3344
0.4316,-0.0155,0.0399,-0.1360
0.2987,-0.1204,0.1473,-0.1527
0.1420,-0.0617,0.1724,-0.2551
-0.5701,-0.2993,0.1292,0.0617
-0.5400,-0.1840,0.0375,0.0276
-0.3613,0.1602,0.1666,0.1528
0.1573,0.2658,0.0239,0.4426
0.2197,0.2595,-0.0590,0.3240
0.1423,0.3524,-0.1440,0.2374
0.1589,0.2972,-0.3118,0.1081
-0.2515,0.0032,0.0287,0.1378
-0.1826,0.1750,0.1371,0.0632
0.1318,-0.4016,0.2456,-0.1902
0.4140,-0.0307,0.1421,0.0428
-0.3919,-0.1320,0.2312,-0.0718
-0.2169,0.1139,0.2649,-0.0872
-0.1333,-0.1540,-0.2409,0.2106
-0.0926,0.1469,-0.1636,-0.1434
-0.2959,-0.2868,-0.1581,-0.2950
-0.4437,-0.2114,-0.1844,-0.2409
-0.3995,-0.1195,-0.1263,-0.1691
-0.2527,-0.1164,0.0005,-0.1584
0.3280,-0.1980,0.1429,0.0737
0.2215,0.4743,0.3123,-0.1957
-0.0317,0.1269,-0.3863,-0.0756
-0.0180,-0.1534,-0.0132,0.1507
-0.3788,-0.2010,-0.0499,0.3352
-0.3196,-0.0722,-0.0248,0.3076
-0.1354,-0.0020,-0.0890,0.2380
-0.0355,-0.0851,0.1695,0.1716
-0.0732,-0.0400,-0.0992,-0.0407
0.2033,0.1474,-0.1812,-0.2396
0.1434,-0.1232,-0.1386,-0.1027
-0.0862,0.0955,-0.0855,-0.1682
0.0653,-0.0928,0.0217,0.2007
0.0745,0.0987,-0.1478,0.2731
0.2509,0.0534,0.2058,0.2009
0.3769,-0.0503,0.2471,0.1033
0.5510,0.0056,-0.0552,0.1741
0.4066,-0.0808,0.0818,0.3438
0.3072,0.2347,0.2042,0.4508
-0.1243,0.0146,-0.0570,0.1836
-0.1665,-0.1979,-0.2124,0.3772
-0.1486,0.0435,-0.1559,0.2072
-0.0988,-0.0912,-0.1762,0.0928
-0.1510,-0.1024,0.0944,-0.0704
0.0712,-0.0055,-0.0641,0.1883
-0.2955,0.3310,0.0286,0.1925
0.1628,-0.2350,-0.3213,-0.2277
-0.6855,-0.1545,-0.1192,-0.0424
-0.6081,0.0941,-0.0619,-0.0323
-0.4578,-0.2985,-0.2512,-0.1318
0.0487,0.3122,0.0408,0.0602
-0.1339,-0.0478,-0.0886,-0.0812
-0.0705,0.1951,0.2353,-0.2246
0.5772,0.1540,0.4220,-0.1995
0.4248,0.1051,0.1888,-0.3712
0.1854,-0.0663,0.1074,-0.2629
-0.0594,0.1967,0.0282,-0.1276
-0.3658,0.1320,0.0686,0.3936
0.3758,-0.1417,0.1240,0.2141
0.3376,-0.1140,0.1602,0.1237
0.2937,-0.0820,0.1716,0.0145
0.1835,-0.2189,0.1590,-0.0294
0.1675,-0.5431,0.1019,-0.0253
0.0896,-0.6789,0.1237,0.1235
-0.0103,-0.6576,0.3277,0.3815
-0.0395,-0.3770,0.5826,0.4326
0.1851,-0.0181,0.5121,0.0769
0.0784,-0.0818,0.3470,-0.2980
0.2570,0.2943,-0.2025,-0.0629
0.2269,0.1642,-0.2103,0.0505
-0.6398,0.0934,-0.1464,0.2755
-0.4679,0.2181,-0.1969,0.3552
0.0228,0.1789,0.1901,0.0505
0.0448,0.0193,-0.4315,-0.2023
-0.3140,-0.3799,-0.4444,0.2919
0.3451,0.2873,-0.3245,-0.1967
0.3928,0.0913,0.0724,-0.2210
0.3024,-0.1456,-0.2172,-0.2741
-0.0159,-0.2493,-0.2211,-0.0447
0.0766,-0.1458,-0.5312,-0.4455
-0.0250,-0.3639,-0.6077,-0.2202
-0.3090,-0.5210,-0.1607,0.3682
-0.4100,-0.3671,-0.0664,0.3466
-0.5484,-0.3600,-0.0975,-0.3053
-0.5983,-0.3693,-0.0995,-0.2442
-0.6527,-0.1193,-0.0848,-0.0280
-0.5634,-0.0899,-0.0250,-0.0695
0.1221,-0.3523,0.0843,-0.2401
0.1352,-0.3412,0.0330,-0.2127
0.1469,0.1246,0.1885,-0.0859
0.0903,0.2061,0.1330,-0.2981
-0.3243,-0.0989,-0.0319,-0.3122
-0.0146,0.1216,-0.0716,-0.0123
0.1061,0.0017,0.2704,-0.2568
0.2143,-0.2234,0.2551,-0.3241
0.1772,-0.2881,0.2576,-0.2173
0.1903,-0.2007,0.2294,-0.2023
0.0529,-0.1872,0.2204,-0.2027
0.1339,-0.1815,0.1020,-0.2366
0.1176,0.0549,-0.1554,0.2299
0.0124,0.2715,-0.1513,-0.0694
0.1610,0.0941,-0.2235,-0.2408
-0.0510,-0.3619,-0.1773,-0.1935
-0.1850,-0.3809,-0.1819,-0.0697
0.1994,-0.3196,-0.1084,-0.1248
0.0172,-0.3087,-0.0853,-0.0035
-0.0380,-0.0631,0.0159,0.0988
0.3676,0.2710,-0.1551,-0.0448
-0.1582,-0.1745,0.0140,0.2417
0.0776,-0.1012,0.3456,0.0705
-0.0393,-0.1475,0.4166,0.1327
-0.1594,0.0322,0.4557,0.1419
0.2332,-0.0009,0.3538,-0.0548
0.0174,-0.2921,-0.1451,-0.3478
-0.0007,-0.3708,-0.1811,-0.2149
-0.1048,-0.3211,-0.0328,-0.0871
0.1576,-0.0459,-0.0381,-0.3442
0.1110,-0.2681,-0.0648,-0.3109
-0.3706,0.2659,0.0730,0.0190
-0.3092,0.3322,0.0696,0.2992
-0.2670,0.3285,0.1283,0.2619
-0.2712,0.3939,0.1387,0.2253
-0.2597,0.5454,0.1389,0.2505
-0.5524,0.0485,0.3548,-0.0205
-0.5801,0.1252,0.2784,-0.0912
0.2550,0.3023,-0.0156,-0.0061
0.2560,-0.0302,-0.1098,0.0069
-0.1944,-0.4545,-0.4347,-0.2085
-0.3085,-0.3130,-0.3596,0.1395
0.0798,0.0604,-0.2616,0.1940
0.0986,-0.2013,0.1786,-0.2756
-0.3652,-0.3388,-0.0197,0.1632
-0.2828,-0.1538,0.1977,0.2781
0.0632,0.0764,0.1785,-0.4095
0.1636,-0.0700,0.1419,-0.3913
0.0249,-0.1908,0.0129,-0.3049
-0.2209,-0.2370,0.0062,-0.2164
0.0845,0.1140,0.0833,-0.1435
0.1299,0.1393,0.0694,-0.2017
0.1540,0.1423,0.0859,-0.2953
-0.2998,0.1350,-0.1882,0.1064
-0.3355,0.2601,-0.1744,-0.1134
-0.3690,0.2290,-0.0681,-0.1581
-0.2675,0.2979,-0.1266,-0.2295
0.0688,0.5242,0.0176,-0.0508
0.2695,-0.1878,-0.0579,0.0085
0.1791,-0.3691,-0.1944,0.0561
-0.0445,-0.3779,-0.1262,0.1437
-0.0168,-0.1055,-0.0047,0.1933
0.2130,0.0499,-0.1300,0.1531
0.2907,-0.1535,-0.2153,0.1232
0.1585,-0.3046,-0.0747,0.1469
0.0077,-0.2995,0.0637,0.1518
-0.1318,-0.1855,0.1598,0.1908
-0.0126,-0.1022,0.0631,0.0234
-0.4994,0.2067,-0.0755,0.3311
-0.2170,0.3179,-0.0289,0.1906
-0.0534,0.2735,0.0385,-0.1915
-0.5541,-0.1168,0.0444,0.1079
0.0590,0.0479,-0.0191,-0.2317
-0.1489,0.2859,0.3145,0.0952
0.1581,0.0308,-0.1150,-0.3182
-0.3289,-0.5077,0.2072,0.1504
-0.3763,-0.3518,0.2747,0.1267
0.0442,0.3897,-0.0605,-0.0078
-0.4814,-0.1921,-0.2344,0.2660
-0.5418,-0.0396,-0.2177,0.0304
-0.6195,0.0314,0.1957,-0.1051
-0.4547,0.0873,0.1434,-0.1474
-0.0454,0.0469,0.2775,-0.2886
-0.6316,0.1025,0.1093,-0.2430
-0.5248,0.4347,0.2076,-0.2927
-0.2641,0.5772,0.0919,-0.4179
-0.4218,-0.1268,0.1005,-0.2116
-0.4356,-0.2276,0.0244,-0.2036
-0.3972,0.2952,-0.2664,0.0604
-0.3862,0.1017,0.2856,0.2035
-0.2250,0.4460,0.1424,0.1281
0.1687,0.0187,-0.2222,-0.3519
0.0632,-0.2973,-0.4521,-0.3143
-0.1848,-0.3718,-0.3738,-0.1098
-0.3732,-0.2183,-0.2027,-0.1185
-0.4668,-0.2011,-0.1582,-0.1323
-0.2891,0.3693,-0.2487,0.3363
0.1607,0.4279,-0.1105,0.1514
0.2436,0.2545,-0.1350,-0.1849
0.0580,0.1953,-0.3283,-0.0988
-0.6676,0.3303,-0.1428,-0.0590
-0.5586,0.4187,-0.3547,-0.0851
0.3056,0.4081,-0.1599,-0.4134
-0.2908,-0.2553,-0.4488,-0.1890
-0.4247,-0.0357,-0.3587,-0.1041
-0.3411,0.4576,-0.2461,-0.0201
-0.0208,0.3316,-0.1137,0.1112
0.2838,-0.4354,0.0273,0.1300
0.1402,-0.6128,0.0860,0.1727
0.0795,0.1073,0.2658,-0.1111
0.0257,0.0081,0.1064,-0.1494
0.4559,0.0024,-0.0192,-0.1821
0.3436,-0.4006,-0.1094,-0.1471
0.4109,0.0026,0.3369,0.1297
0.4539,0.0795,0.2297,0.1170
0.4472,0.0648,0.1463,0.0194
0.4076,-0.0102,-0.0430,0.0041
0.2874,-0.1357,-0.1142,0.1531
-0.0756,0.3035,0.0919,0.0600
-0.0135,0.3907,-0.0905,0.1295
-0.4523,-0.1544,-0.4061,0.1403
-0.1971,-0.0667,-0.0756,-0.0378
-0.0648,-0.1911,-0.1527,0.1042
